x1,x2,y
7,4,86
1,1,71
7,0,64
5,7,89
6,0,83
6,4,45
5,7,75
7,6,84
6,3,77
5,1,91
3,3,66
2,0,57
3,0,71
8,3,95
1,8,71
3,1,75
8,2,66
9,3,92
4,1,96
7,7,98
9,3,83
3,2,51
7,0,62
2,3,70
4,0,92
6,2,86
9,6,97
7,6,75
3,6,68
5,2,69
1,6,82
3,9,82
8,8,73
4,9,91
3,3,47
7,4,74
1,1,77
9,4,73
8,6,85
6,5,57
8,2,92
5,6,83
4,2,53
6,4,84
5,9,97
2,5,96
1,6,57
4,9,58
3,0,48
1,7,66
1,9,95
6,6,71
3,6,46
4,3,93
7,7,87
1,1,58
6,8,54
4,4,61
6,5,40
6,1,70
9,8,60
4,5,87
2,1,92
8,5,74
8,3,92
1,7,46
6,6,76
1,1,88
1,5,90
2,0,56
5,4,73
3,4,92
5,9,94
8,3,40
8,6,54
2,0,46
3,2,96
9,5,41
8,8,44
2,3,63
2,1,62
4,7,97
8,6,84
1,6,42
9,8,54
9,9,90
9,4,73
4,8,90
8,9,47
2,4,72
2,8,97
8,3,48
9,1,40
5,0,45
2,7,66
7,6,41
1,7,43
1,9,92
1,8,84
7,2,67
1,6,40
2,2,98
8,2,88
3,4,94
1,0,53
9,2,48
6,6,77
3,2,83
1,6,82
2,8,99
9,9,56
4,8,50
5,7,68
9,6,99
5,0,74
8,4,53
2,4,65
7,0,69
9,9,98
1,3,99
4,2,86
4,0,65
3,6,54
2,0,63
8,0,47
7,6,99
5,5,66
2,5,87
7,0,99
1,6,90
3,0,43
1,6,52
9,9,44
1,2,86
9,1,64
9,8,78
5,1,47
1,1,85
2,1,98
1,0,86
3,7,81
6,4,83
5,8,71
6,3,66
1,8,89
5,9,93
3,1,83
7,0,99
2,9,42
9,2,64
3,0,94
1,8,68
7,5,77
5,4,62
5,6,69
1,5,95
2,7,58
2,7,42
8,9,47
8,3,92
9,6,41
9,6,66
7,0,94
4,9,77
4,4,79
6,4,77
8,2,52
4,0,79
3,3,90
8,4,67
4,9,77
2,3,82
9,5,63
4,8,44
3,7,47
1,2,91
9,2,65
7,1,48
7,7,44
7,0,40
3,2,45
9,2,48
7,5,47
1,7,48
5,8,62
5,3,51
7,7,64
6,4,52
1,5,97
2,3,86
3,2,72
5,2,56
5,8,59
4,3,94
2,0,51
3,7,89
4,7,79
7,3,92
3,2,42
7,6,89
6,7,75
3,8,72
1,6,86
2,9,46
5,8,81
2,2,73
8,3,52
5,2,95
9,4,96
7,4,41
3,9,62
5,5,53
5,7,74
5,3,79
8,1,41
2,1,40
6,9,73
9,2,47
7,8,56
8,7,63
3,4,98
3,1,70
1,1,50
2,7,87
4,0,60
2,9,70
8,8,67
8,2,57
7,3,71
3,0,62
2,4,58
4,0,80
2,9,53
2,4,54
5,5,74
3,6,74
8,8,48
6,3,95
3,6,87
9,7,60
3,6,71
9,1,88
8,8,92
4,9,75
1,0,40
3,1,72
4,4,49
6,8,77
4,4,97
1,5,78
9,0,49
1,0,83
7,2,71
6,9,64
1,1,84
1,7,48
5,5,84
4,5,65
5,8,98
4,6,95
4,1,65
1,6,46
7,0,81
6,5,57
1,4,76
6,6,94
8,8,72
9,1,58
8,8,76
5,5,97
2,7,43
4,7,57
3,1,64
8,7,91
1,6,96
5,2,43
6,4,83
5,3,70
7,3,53
7,3,43
3,4,89
4,9,50
6,1,53
4,0,97
1,3,95
1,2,42
6,4,77
8,7,73
6,9,47
9,8,90
5,6,54
8,4,62
5,4,63
1,5,62
3,7,54
2,6,76
7,5,83
9,7,98
8,4,69
7,5,47
9,0,48
3,9,63
7,6,94
5,8,84
3,4,47
4,6,43
6,5,54
2,6,99
2,0,94
7,8,85
8,7,80
9,5,84
8,6,85
1,1,91
4,2,59
6,1,82
6,9,64
3,5,51
2,6,40
8,6,87
3,7,47
3,4,54
8,4,86
9,0,73
2,3,85
9,2,58
3,5,82
5,8,87
4,7,83
2,0,77
4,5,49
1,4,58
8,7,92
8,3,49
2,4,71
6,3,57
5,7,71
8,2,51
2,0,42
5,9,78
6,6,57
9,4,89
3,9,67
1,6,54
4,4,40
9,9,53
6,3,92
4,9,41
3,8,87
7,2,94
1,3,87
1,0,57
2,8,79
6,5,58
7,8,60
2,8,76
1,7,92
7,3,96
3,5,44
9,6,90
7,3,64
1,0,45
6,7,68
9,2,41
9,3,55
8,4,56
2,2,58
7,6,50
1,3,94
6,6,75
2,3,89
3,4,43
6,8,64
9,9,67
1,0,55
5,8,92
2,6,93
5,2,46
6,1,48
3,2,69
2,5,80
3,3,87
6,3,70
8,4,41
1,7,79
2,0,90
6,7,62
4,4,72
7,5,47
1,9,92
3,3,98
9,8,84
4,4,58
7,7,44
6,9,46
7,6,60
1,1,88
2,6,82
5,9,92
7,8,44
8,5,99
1,7,91
4,4,58
3,8,41
5,9,80
7,6,71
9,3,48
3,7,42
6,5,42
9,3,83
2,3,56
1,4,85
9,3,87
3,8,67
5,7,61
3,7,89
1,4,94
9,5,94
7,9,58
6,3,54
5,4,58
9,7,51
7,9,53
3,9,45
1,2,46
3,5,79
4,5,64
6,1,71
6,6,88
2,6,58
6,9,47
8,3,59
2,3,79
1,0,65
1,0,78
7,5,52
4,5,71
1,8,85
6,9,79
6,6,60
3,3,88
3,9,52
1,6,54
5,2,57
2,9,77
4,2,93
1,3,99
6,6,78
6,4,44
2,8,84
5,2,65
6,7,95
7,3,96
1,9,66
7,7,82
6,2,97
7,0,86
2,7,96
3,1,87
8,9,93
7,6,77
7,7,74
6,8,90
2,8,44
8,6,63
3,6,54
3,9,62
9,4,67
5,0,95
4,7,93
9,7,77
6,7,59
8,1,80
1,2,57
6,9,75
2,0,61
4,6,43
1,8,51
4,2,52
6,8,91
9,2,91
3,1,95
8,3,63
2,4,54
3,8,92
3,0,49
6,1,70
5,1,97
5,6,97
5,7,80
7,4,94
8,5,52
9,1,99
1,8,72
9,4,72
5,5,54
1,7,49
2,1,99
1,1,89
9,2,79
7,9,73
8,8,45
1,2,87
2,0,80
9,6,87
1,1,42
3,6,56
5,0,56
1,5,97
2,4,53
7,4,45
2,0,66
3,4,87
9,9,96
1,4,56
3,1,97
4,5,90
7,3,84
1,3,60
4,3,79
3,6,79
6,1,86
3,8,53
4,8,89
7,9,77
6,0,77
4,4,73
3,8,75
6,5,71
5,5,71
7,7,41
3,3,88
5,5,97
4,4,48
8,4,91
8,2,95
2,3,63
5,1,49
4,4,65
4,9,41
4,4,72
4,7,53
3,1,79
4,6,68
1,0,73
1,1,47
7,3,40
7,8,65
4,3,99
9,3,69
3,5,50
7,9,97
7,1,65
7,9,91
3,3,87
9,7,50
9,5,61
2,3,94
8,9,41
5,3,50
8,8,63
7,9,74
8,1,64
1,8,79
6,4,56
1,8,83
4,5,44
4,5,96
3,5,75
5,6,41
2,9,58
3,3,53
9,6,57
1,0,48
7,2,78
7,3,80
9,3,66
5,6,47
3,5,78
4,3,75
9,6,81
8,5,41
8,7,48
9,0,61
6,4,43
1,8,94
3,3,78
9,9,43
6,2,84
5,0,64
2,5,67
7,3,65
2,9,42
9,5,42
9,4,56
9,5,89
6,8,92
1,8,75
6,7,90
3,4,62
8,3,60
8,2,95
6,5,66
6,3,64
2,4,98
8,7,60
1,7,90
9,4,79
3,4,49
8,6,79
1,7,58
9,0,63
1,4,59
6,8,91
1,1,54
1,6,83
9,9,89
2,3,98
5,3,73
6,1,92
8,6,93
3,0,88
1,5,59
4,1,84
2,5,43
6,0,71
1,0,55
2,4,97
4,7,56
2,9,70
6,7,55
3,4,40
9,9,50
7,1,77
1,4,68
5,6,63
5,6,42
5,2,78
8,7,91
6,7,65
7,8,64
8,4,54
5,5,63
7,9,49
7,9,41
7,4,44
2,3,79
2,3,55
4,9,45
1,3,61
1,9,83
4,4,87
1,3,99
1,9,93
4,7,74
5,3,99
1,5,62
4,7,62
2,8,98
2,6,88
6,8,42
8,9,86
7,9,73
6,5,86
5,4,74
3,1,96
1,6,92
6,2,53
8,8,62
8,4,45
7,0,84
8,8,48
9,1,53
1,5,56
3,3,92
6,7,95
5,3,70
3,2,69
4,9,40
9,4,84
8,7,93
4,5,97
9,8,65
3,3,76
9,6,53
9,8,61
3,9,65
9,3,68
3,9,60
4,8,47
7,6,73
9,9,63
8,2,75
3,2,89
2,0,75
4,9,66
4,4,53
7,3,66
2,3,46
4,5,51
3,2,79
1,3,52
2,7,76
2,6,41
6,6,43
6,9,66
4,3,74
1,8,42
3,8,78
3,1,86
6,4,52
9,5,68
9,1,69
7,9,89
4,6,99
8,0,59
6,9,77
2,3,93
2,5,94
3,7,60
3,0,66
6,8,95
1,3,94
1,5,88
9,1,65
9,9,87
3,2,76
6,3,46
5,1,51
9,3,84
7,1,86
3,8,74
3,4,96
2,7,96
3,7,46
3,7,82
2,1,68
1,1,57
9,5,71
6,6,48
6,8,63
2,6,84
3,1,93
5,0,84
1,1,56
7,2,59
9,9,71
4,2,60
6,2,50
2,8,60
4,8,95
2,0,84
4,4,48
9,9,40
3,2,91
6,4,90
7,2,93
5,9,42
5,0,59
7,2,43
1,7,41
8,8,72
9,1,55
1,3,65
9,7,89
4,1,76
7,1,83
9,4,55
5,6,82
4,0,54
6,4,66
2,8,79
1,3,99
1,4,44
7,3,40
6,2,48
1,5,53
8,0,42
5,5,59
2,4,84
5,8,57
3,9,40
8,7,61
2,0,90
5,5,85
5,6,86
2,5,49
3,1,67
8,4,67
2,4,59
7,6,60
6,2,83
4,1,89
7,1,93
9,0,72
4,6,75
8,6,70
9,6,41
2,4,78
2,5,96
8,7,59
6,5,82
9,5,86
5,8,83
3,2,53
5,7,87
6,8,55
6,3,58
9,4,82
6,2,51
2,2,86
2,8,95
7,5,70
4,4,86
9,6,82
6,1,87
9,4,88
1,7,53
9,0,78
2,8,73
8,9,49
6,0,97
4,4,62
5,0,57
7,2,58
4,1,60
1,4,77
5,9,87
5,6,45
3,3,67
1,5,46
4,5,88
3,8,78
9,3,89
6,9,73
2,1,76
1,5,45
1,3,68
5,8,53
8,1,76
3,5,45
7,3,72
1,9,72
2,8,79
6,3,74
9,5,83
8,8,47
6,2,54
9,3,54
5,0,75
5,0,71
6,9,82
1,4,77
7,5,58
9,7,61
2,8,53
9,6,72
1,3,41
5,1,98
3,8,96
9,8,62
4,6,52
6,5,54
8,1,57
6,6,57
6,0,54
1,1,60
9,9,50
5,9,52
3,4,62
6,9,56
7,9,70
8,0,57
6,5,95
5,5,44
5,3,60
8,0,61
3,8,69
8,4,76
9,4,55
8,1,41
4,9,87
2,1,72
7,9,48
7,5,79
4,6,98
7,0,53
8,9,74
9,9,80
2,8,42
5,2,74
1,6,71
3,5,57
8,8,92
7,0,89
9,7,51
4,1,94
6,6,68
6,8,41
1,3,84
3,1,58
4,8,90
5,2,77
5,1,43
4,3,90
1,0,78
1,8,82
4,7,40
8,2,62
9,9,88
1,0,70
2,4,58
7,5,54
1,0,64
5,6,63
8,2,92
4,8,78
8,0,92
8,2,68
3,1,58
7,5,41
3,7,92
6,5,81
6,0,48
6,3,90
8,4,77
1,5,70
8,5,45
9,6,99
6,4,59
5,1,75
3,4,77
3,5,54
5,6,97
4,6,48
1,0,87
5,6,56
2,0,94
9,2,79
4,5,40
7,4,47
6,2,73
9,0,97
8,3,90
6,4,57
2,4,55
3,2,63
9,8,44
3,9,67
2,6,88
2,5,61
3,2,45
8,3,91
1,3,79
1,1,52
7,7,83
7,8,80
8,8,65
3,8,67
8,8,85
8,3,90
1,6,65
5,5,66
7,9,50
3,2,63
4,6,91
7,4,88
9,1,91
2,7,73
8,8,69
2,2,86
3,3,49
3,7,54
9,5,46
8,6,72
4,9,54
2,2,90
2,9,92
5,4,83
4,4,93
6,2,67
5,4,61
9,2,85
8,5,79
3,0,65
7,6,97
6,2,58
8,3,53
8,1,89
5,4,99
7,8,45
3,6,66
3,8,81
3,9,75
2,6,85
9,4,54
8,7,63
8,5,80
2,3,88
3,3,62
4,0,90
8,0,76
2,2,78
9,8,94
2,8,70
8,6,72
2,3,45
4,2,52
2,1,42
9,4,45
5,8,87
8,7,71
8,4,75
2,8,44
7,9,57
1,2,80
1,5,60
2,5,60
3,0,81
3,0,40
8,3,57
5,0,97
8,8,49
8,2,88
9,8,73
3,9,91
5,1,66
3,1,43
7,8,51
4,8,76
6,2,85
9,6,52
3,8,85
7,0,89
7,4,43
8,9,75
7,6,94
4,9,69
1,9,44
9,1,51
4,9,74
1,5,59
3,3,41
2,8,98
9,8,96
6,4,56
8,7,85
8,0,52
9,6,47
5,7,40
7,0,75
4,6,79
7,2,69
1,3,52
7,1,78
9,9,98
5,3,98
5,9,79
8,3,70
8,3,93
6,2,77
6,0,85
4,3,99
5,3,75
6,7,94
4,3,76
5,4,91
3,1,48
1,5,48
2,4,66
7,6,70
4,0,87
7,3,42
5,3,71
3,0,50
4,6,94
6,9,54
4,3,50
8,7,92
4,5,80
5,3,70
6,6,42
9,3,70
6,3,60
9,0,94
7,9,64
8,4,64
2,0,65
7,7,70
5,0,81
1,5,40
1,4,51
6,2,79
4,3,93
4,6,50
2,3,88
1,8,80
8,9,94
8,6,58
2,4,81
5,6,67
9,7,54
8,5,75
1,7,68
2,7,96
6,1,62
9,2,95
2,6,81
9,5,74
5,4,69
2,7,98
4,3,91
4,1,86
9,2,55
4,9,53
3,2,53
6,9,53
6,4,99
2,9,87
8,1,58
5,8,54
1,3,94
9,8,43
5,4,47
6,3,87
1,6,50
4,4,62
4,6,82
8,7,89
1,4,54
3,6,61
5,6,81
4,1,64
6,0,67
4,7,98
4,1,83
5,5,48
9,1,75
2,5,92
7,4,67
8,5,88
6,6,97
3,1,62
4,4,60
8,4,40
6,8,82
7,3,99
3,2,53
1,5,67
1,6,62
1,7,42
2,5,97
2,9,82
9,2,48
9,7,47
5,9,99
7,8,51
1,7,49
6,8,94
6,4,53
1,1,74
7,9,59
3,6,67
1,3,44
7,7,49
1,7,42
8,2,80
2,5,72
9,1,85
3,1,97
7,4,84
3,2,68
5,0,77
7,8,48
3,8,99
1,6,71
4,9,63
5,0,45
2,2,60
8,4,94
7,8,41
6,9,70
5,9,89
5,8,79
2,3,69
3,6,41
7,6,72
4,5,50
4,6,88
1,5,90
2,6,63
4,5,71
9,3,77
2,8,61
5,1,77
4,7,57
6,6,46
7,4,66
7,4,49
8,3,55
8,7,78
6,4,98
1,4,42
9,4,43
7,1,94
6,6,89
7,9,58
5,0,44
1,2,89
8,0,52
3,2,61
5,9,82
6,9,58
8,9,80
9,4,41
8,9,87
9,9,43
7,6,91
8,1,76
7,7,93
2,0,78
4,2,42
7,2,76
9,8,72
1,0,91
9,5,67
1,9,89
9,3,69
6,4,97
2,3,41
4,4,79
5,6,60
5,5,40
6,2,61
5,6,41
4,6,92
4,6,47
3,3,48
6,5,88
6,0,83
2,3,49
1,4,41
1,6,59
6,3,58
8,6,62
4,5,99
1,7,42
6,3,80
8,4,83
8,3,67
1,9,56
1,7,83
1,9,53
1,2,57
4,8,53
9,5,70
2,9,87
5,2,58
3,1,93
7,2,82
6,8,58
6,5,49
4,3,78
4,8,86
8,5,69
8,5,93
1,6,95
4,0,88
8,2,92
4,3,47
9,3,67
7,2,40
3,1,76
3,5,56
6,7,95
7,8,57
4,8,45
1,6,54
8,8,92
6,4,73
9,1,53
9,1,53
9,5,53
3,5,71
9,3,60
4,4,95
1,5,40
9,6,69
2,4,60
5,5,56
9,3,50
9,4,48
7,0,62
6,6,70
2,1,91
3,4,60
5,0,59
8,4,73
1,2,64
1,4,95
3,6,52
5,8,95
6,9,94
7,3,73
2,2,53
6,9,96
3,6,78
7,2,98
1,0,52
4,6,98
4,1,57
4,2,89
4,3,94
3,8,85
9,9,42
7,3,42
4,3,64
2,8,70
9,4,45
6,6,42
4,6,40
8,5,70
9,8,47
5,3,48
8,5,78
1,6,40
6,3,45
3,9,88
4,9,42
5,0,95
7,5,90
1,3,64
1,3,80
2,9,73
8,8,89
1,8,92
1,4,88
2,7,98
6,6,73
2,2,86
3,9,97
7,6,58
3,7,52
4,9,47
7,3,84
1,5,41
7,2,62
3,6,41
7,2,69
7,4,92
5,0,63
7,6,45
1,0,91
5,1,46
9,2,52
8,8,93
4,7,91
3,7,48
2,5,57
3,9,99
8,2,88
7,4,70
8,4,79
3,8,66
7,9,83
6,3,61
3,8,81
4,6,64
1,5,76
2,3,70
3,9,63
2,1,76
8,7,56
3,1,80
3,6,59
5,6,95
8,4,44
3,3,79
7,7,77
2,2,91
9,5,40
6,1,54
5,8,75
3,8,90
5,7,91
9,7,83
1,4,46
7,3,63
2,5,60
5,3,70
5,5,48
4,1,48
8,1,83
9,1,97
3,4,79
7,6,47
7,4,71
8,5,42
6,4,58
3,5,69
5,9,81
8,3,94
7,2,43
3,1,73
6,6,74
6,0,41
2,8,70
6,5,86
3,3,78
8,0,46
5,2,60
4,3,94
3,2,92
9,4,78
4,3,90
8,1,57
2,8,79
5,3,87
2,1,70
8,6,69
3,4,52
1,5,99
9,3,93
7,7,87
1,8,58
7,3,88
3,3,63
5,2,64
7,6,63
6,0,89
5,0,77
7,2,50
3,7,85
7,6,82
9,6,89
1,1,66
5,7,84
9,3,93
6,9,64
8,5,74
3,3,84
1,0,62
2,1,42
3,7,88
2,9,54
8,8,76
9,0,40
5,2,76
7,3,47
8,1,97
2,0,57
7,3,80
3,9,72
3,1,41
6,7,68
5,3,46
3,2,47
4,8,96
5,3,72
1,9,57
7,0,58
3,1,52
5,8,79
7,5,85
3,6,99
6,4,84
7,9,57
2,2,67
2,8,48
7,6,72
9,8,68
2,5,98
5,5,49
9,8,41
8,7,54
2,8,40
8,4,50
1,3,79
2,8,61
9,1,42
4,6,86
1,1,71
3,2,94
4,9,71
7,2,73
8,1,97
3,9,81
6,1,57
2,1,74
1,4,75
5,6,98
9,7,60
9,5,63
1,7,89
7,9,49
2,4,52
2,1,65
6,0,42
5,0,68
4,8,68
8,3,95
6,3,53
2,7,57
4,3,61
2,1,43
7,7,71
8,0,83
7,4,70
8,6,59
6,2,46
6,4,47
7,7,73
4,6,80
4,3,64
6,6,96
9,0,77
1,4,67
2,2,82
8,8,68
4,2,54
7,7,93
5,4,62
4,2,84
5,6,89
8,4,91
1,6,81
1,4,74
8,6,85
2,1,65
5,5,91
6,0,56
7,0,62
3,5,92
4,8,47
1,4,84
9,0,49
5,2,56
4,4,63
6,0,76
7,9,78
2,5,64
2,0,60
8,6,82
3,0,76
8,0,93
4,7,45
3,3,60
9,4,45
6,4,96
4,9,56
8,6,91
2,1,62
3,6,88
9,9,44
6,4,89
3,3,44
3,3,84
5,5,52
9,2,93
6,6,55
4,7,41
7,1,56
5,1,48
1,5,79
8,5,73
5,6,71
9,2,56
8,3,75
2,8,94
5,0,89
3,9,97
4,1,89
9,5,56
6,1,83
3,2,57
1,6,90
4,9,75
4,3,48
9,5,52
4,3,41
5,4,65
2,3,69
3,3,82
9,9,46
2,8,85
3,6,84
5,1,66
4,6,51
8,2,81
9,7,53
2,0,54
4,6,77
5,8,91
9,2,58
3,6,78
7,9,47
6,7,76
7,8,49
5,7,51
5,0,75
1,2,93
3,8,41
5,1,84
9,5,66
7,8,90
5,8,73
7,6,95
1,6,54
2,8,63
9,8,55
1,8,93
3,3,83
3,6,63
6,2,79
6,0,90
5,7,48
9,6,92
8,8,51
1,1,99
2,0,91
6,3,71
6,4,87
2,7,49
2,0,94
5,9,88
7,7,61
5,8,75
8,2,77
1,3,91
1,5,77
3,2,70
1,8,87
2,3,84
3,5,79
9,5,96
4,8,81
3,0,97
7,5,68
6,6,42
8,3,98
1,1,63
7,4,45
5,6,88
7,5,42
3,5,86
8,9,77
6,3,94
4,6,97
3,6,94
1,6,89
9,2,47
6,3,99
5,1,85
3,5,59
8,3,97
6,0,98
6,0,51
3,5,84
8,8,84
8,3,99
5,8,63
8,9,56
7,6,79
7,3,82
4,2,96
9,5,60
1,4,74
2,8,96
2,9,44
6,0,43
9,3,46
6,3,44
2,0,63
4,8,50
9,5,82
7,6,57
5,4,84
8,5,67
5,2,83
8,6,84
6,2,87
7,2,43
7,7,73
8,3,53
8,5,45
8,7,46
2,7,70
7,2,93
5,1,54
1,2,83
2,6,77
5,5,64
5,1,75
6,7,54
3,8,82
3,1,64
1,5,46
2,6,60
5,3,69
4,1,94
7,6,40
3,8,83
3,2,85
8,5,57
4,6,78
1,9,61
8,5,74
4,3,72
8,3,62
8,7,45
8,9,50
7,7,48
4,7,60
3,5,90
6,5,40
2,4,49
4,9,44
3,2,70
6,4,61
9,5,83
2,4,65
5,4,55
9,9,89
2,7,91
7,8,88
7,5,94
1,2,91
1,3,79
5,0,65
2,9,68
3,1,51
5,2,89
7,5,56
5,9,87
9,7,93
8,1,82
1,8,54
4,1,80
9,1,81
2,7,61
3,7,74
8,3,59
3,5,83
7,9,97
5,9,78
1,9,96
9,2,52
9,0,66
7,1,74
4,3,98
8,5,43
1,8,78
5,8,76
8,0,84
1,3,80
9,3,68
3,8,88
7,5,50
1,6,92
2,5,85
6,4,99
4,0,49
1,3,58
1,4,86
3,8,50
9,9,77
2,9,67
5,8,58
8,5,82
5,5,40
3,7,43
7,0,64
6,2,77
4,5,62
7,1,69
2,0,61
8,8,90
1,0,43
1,2,73
6,5,50
1,3,85
3,1,75
6,5,68
5,2,79
6,5,53
2,2,54
7,0,99
2,3,83
1,6,52
7,0,52
7,6,80
1,5,78
3,1,75
3,0,55
6,4,68
1,6,48
2,0,70
8,8,99
1,2,91
7,4,71
5,4,85
4,9,93
3,6,86
3,0,46
4,9,56
2,9,64
6,3,45
7,9,77
4,2,76
6,9,59
4,9,76
4,8,67
5,8,63
9,8,44
6,4,75
7,6,91
7,2,57
2,7,89
2,6,84
9,6,74
2,1,89
3,8,48
5,2,69
5,9,84
4,8,89
7,9,57
1,7,87
9,7,65
4,4,79
9,7,95
1,5,59
6,4,55
6,1,73
2,0,46
5,3,91
9,5,79
3,7,61
4,8,67
2,4,89
8,9,67
1,9,49
5,3,84
3,3,83
5,6,59
7,1,47
7,3,73
4,4,98
2,0,65
7,7,54
8,3,94
5,3,94
9,4,55
6,5,89
8,3,86
9,9,45
8,6,94
1,1,72
6,7,70
3,7,97
1,2,80
1,6,59
2,1,94
2,0,98
4,8,55
2,8,85
7,9,81
8,9,99
6,8,41
1,8,79
5,8,58
8,7,56
3,8,82
4,3,84
8,7,62
5,7,47
3,2,77
8,6,99
4,8,53
7,8,90
7,6,67
1,8,57
5,3,44
1,9,92
5,5,63
4,3,62
3,1,93
5,8,66
5,3,69
2,9,48
1,0,62
9,2,58
6,1,41
9,2,54
6,1,78
9,8,63
9,2,69
6,2,72
7,9,49
6,0,74
3,1,52
4,4,98
2,3,93
4,6,98
4,0,88
8,2,81
1,3,70
5,7,57
2,1,61
3,6,87
9,4,54
2,6,59
3,3,77
3,1,64
6,9,61
2,0,55
3,0,98
7,5,73
2,5,86
9,7,41
4,9,60
7,8,90
8,6,72
1,6,92
4,8,49
1,0,95
1,0,90
9,1,86
1,5,47
3,3,82
8,8,64
9,4,58
2,4,78
6,2,58
6,6,43
2,3,71
4,2,67
3,4,75
4,0,64
5,2,80
8,2,52
4,4,64
4,7,67
3,9,56
5,7,50
8,1,75
7,5,67
2,1,85
1,3,83
9,8,74
1,7,96
3,9,40
6,3,45
6,6,62
6,4,61
3,9,90
1,6,60
2,5,62
8,8,56
1,1,61
7,6,47
1,9,87
7,2,60
6,8,56
5,8,50
9,9,42
5,2,87
1,4,58
9,7,70
5,5,72
9,8,51
8,8,82
9,1,47
3,3,82
9,2,68
6,0,57
1,4,56
1,0,52
9,7,47
3,5,50
5,1,72
2,1,84
7,7,64
5,3,48
3,5,68
1,8,92
8,4,42
5,2,42
9,6,71
1,9,40
7,2,62
8,8,78
2,1,57
7,9,43
9,5,72
1,2,72
6,2,48
3,4,94
5,1,74
6,2,55
5,7,89
1,9,41
6,2,76
7,3,42
8,9,61
5,6,49
9,9,81
2,5,41
2,0,64
2,0,59
7,3,91
5,5,68
6,9,59
9,2,72
3,7,55
7,8,79
1,2,93
7,3,91
8,5,47
5,9,86
1,7,75
7,5,81
4,8,99
3,6,48
6,2,66
8,4,54
3,7,40
1,6,73
4,9,47
1,5,97
5,7,81
6,6,71
3,0,84
4,9,92
3,3,70
3,7,73
3,1,65
1,4,49
5,1,54
6,1,99
8,6,63
7,1,96
9,6,63
2,1,68
3,1,62
2,2,59
3,4,92
2,1,44
5,4,99
2,0,73
4,6,45
8,5,71
1,1,43
8,5,56
7,9,90
7,8,71
8,9,83
7,3,58
6,2,91
6,4,47
6,0,44
2,6,57
8,3,45
6,9,41
3,6,91
6,5,88
5,9,42
4,8,44
1,3,59
5,6,74
8,6,45
9,6,79
4,2,96
4,7,59
3,9,97
9,0,85
4,9,56
6,6,42
6,6,77
7,9,65
3,6,84
4,9,72
6,2,66
1,0,69
9,5,74
5,6,88
3,8,55
7,9,47
2,7,95
4,6,69
8,1,91
6,5,93
2,9,81
4,1,47
9,0,57
2,4,68
9,8,70
7,2,40
8,8,94
1,5,44
2,2,79
2,4,49
9,8,73
3,8,80
7,7,93
5,4,91
5,7,69
7,1,47
9,2,56
4,7,61
6,2,93
2,9,43
3,3,56
3,2,55
7,3,79
4,6,64
3,9,47
3,9,45
1,1,65
7,8,81
7,8,64
4,0,47
9,7,44
4,2,96
7,7,92
4,4,68
7,9,54
5,7,66
7,0,65
6,5,71
1,3,53
5,8,88
7,6,67
6,2,53
9,3,55
2,0,52
8,4,73
6,8,62
3,4,71
5,7,64
5,5,49
9,9,98
5,9,40
9,9,96
8,0,95
1,9,51
3,2,78
9,8,45
9,2,88
3,3,45
7,7,56
7,5,51
6,5,46
8,8,82
5,4,77
3,1,83
8,2,93
8,9,99
2,3,83
2,3,48
1,8,92
9,2,54
6,6,93
6,0,68
9,7,43
6,2,45
3,5,96
6,7,97
5,9,65
3,5,55
5,5,77
8,5,46
3,4,68
6,4,65
9,8,45
8,2,98
7,6,68
1,6,85
3,1,98
3,6,99
3,6,56
8,0,87
5,8,86
6,4,91
5,8,76
6,9,95
9,9,41
4,1,76
2,6,41
4,9,87
9,5,71
2,2,72
9,9,89
2,0,64
3,1,64
1,6,61
7,0,72
9,1,95
9,6,75
3,0,43
6,3,68
6,5,53
3,6,63
1,1,94
8,3,75
8,8,91
6,9,74
7,0,67
8,1,56
4,9,63
6,5,54
5,4,79
5,5,54
4,0,96
6,0,46
1,1,69
1,5,77
5,9,84
7,5,66
6,6,42
7,1,47
1,1,95
1,8,90
2,4,58
5,5,56
5,9,54
8,2,86
7,7,67
5,5,79
7,5,47
3,6,68
8,7,60
7,4,55
5,5,52
2,7,86
9,5,50
4,1,96
4,4,45
9,3,60
7,8,48
7,9,90
6,4,88
5,9,77
8,0,92
2,2,41
7,5,52
1,6,96
1,8,61
8,8,63
6,1,87
9,5,87
8,5,53
4,7,79
6,8,71
9,2,80
6,2,81
1,6,46
2,1,99
6,1,52
1,6,58
8,5,92
1,9,50
2,1,41
7,1,43
5,2,97
1,6,83
9,5,50
4,4,87
5,0,89
7,6,43
4,7,73
2,0,73
8,2,87
5,6,44
9,8,51
8,8,48
1,8,80
8,7,74
3,9,63
1,3,76
3,4,51
3,2,98
8,9,47
3,9,80
4,1,40
9,0,60
3,4,42
3,6,73
5,7,60
7,8,61
8,7,46
4,9,96
9,3,61
1,3,65
5,5,48
5,9,72
5,0,98
2,1,52
6,4,89
3,6,78
7,8,97
1,9,84
5,7,82
3,4,48
8,1,85
2,7,95
6,7,73
6,9,75
2,2,95
4,0,74
5,8,88
4,5,61
6,7,93
9,0,66
2,0,56
7,0,61
2,4,71
7,4,92
5,1,78
3,5,67
4,5,52
4,3,59
4,9,71
9,0,92
1,6,63
8,9,75
7,1,82
8,8,52
9,6,91
4,8,92
2,5,51
3,1,52
1,8,84
6,1,50
1,7,92
5,8,42
4,6,66
5,1,60
6,0,58
2,0,54
3,5,87
5,7,82
6,5,94
3,6,41
1,3,69
6,5,45
3,5,52
7,2,90
2,7,81
7,6,40
1,7,97
8,8,75
5,8,50
4,5,92
1,8,58
8,2,55
5,6,94
4,3,72
7,5,41
6,8,57
9,4,77
1,1,72
5,9,46
4,8,54
2,6,60
5,6,67
4,0,66
4,1,56
1,5,75
5,0,41
8,1,58
4,7,56
9,1,58
7,5,67
8,5,41
6,4,69
4,6,71
6,2,45
2,0,78
5,9,96
7,4,93
2,1,65
7,8,85
5,6,94
5,9,55
9,5,43
3,0,98
2,5,80
7,4,86
9,5,95
1,7,44
4,2,71
2,5,69
8,0,86
2,4,75
3,7,80
5,8,79
2,0,69
6,8,53
7,2,65
8,4,79
2,2,81
7,3,70
3,8,82
3,3,79
6,9,71
9,7,69
1,6,70
4,7,84
8,7,93
8,9,71
4,6,98
4,1,62
6,6,56
7,3,43
7,3,85
6,8,57
4,8,95
5,1,42
1,8,44
7,0,64
4,7,92
1,3,67
9,0,96
1,1,57
9,6,44
4,9,96
7,5,86
8,0,69
2,8,72
8,2,44
5,1,53
8,6,93
1,0,71
9,7,64
1,4,75
8,6,91
7,7,97
4,0,91
1,9,96
6,6,45
2,9,67
8,1,47
3,9,80
3,7,93
5,1,49
6,4,89
4,1,72
9,8,56
6,0,93
4,0,49
5,5,61
7,8,85
5,4,96
4,7,40
4,9,93
7,1,41
4,0,77
6,2,75
5,5,44
5,7,55
7,4,62
6,6,95
6,0,69
7,7,87
2,1,47
2,5,92
6,8,47
3,2,47
7,1,99
6,4,75
2,2,87
9,4,57
7,9,69
1,3,84
9,7,97
6,7,67
2,4,75
8,2,97
3,1,41
6,5,60
6,0,73
2,9,90
2,9,61
4,6,77
1,3,48
2,1,40
8,6,67
6,8,73
8,2,52
3,8,46
9,7,63
3,9,95
1,1,91
9,8,86
5,1,79
6,8,41
5,8,81
9,7,77
5,7,61
5,9,63
6,2,40
9,6,88
3,7,95
7,8,76
7,1,92
1,0,97
8,3,61
3,1,58
7,8,76
4,7,72
8,0,89
1,9,56
8,5,49
3,2,63
7,4,50
1,1,75
8,0,78
2,7,69
4,8,80
4,9,87
2,5,97
5,1,81
1,5,69
6,6,93
3,3,62
3,8,69
6,0,64
7,9,84
2,1,81
7,7,85
1,7,61
4,2,51
7,9,98
7,1,73
7,3,65
7,1,98
3,0,57
9,8,50
1,1,57
4,9,91
1,3,51
7,1,75
4,0,66
3,8,63
7,6,59
1,6,81
5,6,88
8,4,90
4,7,75
1,5,44
4,9,79
2,3,71
4,2,43
4,8,90
6,3,60
7,8,47
2,5,66
1,1,48
9,1,96
3,4,76
6,5,46
4,8,70
6,0,77
3,5,95
8,7,92
2,7,77
4,9,84
6,4,97
2,3,64
2,5,60
8,8,79
7,4,55
5,9,62
1,2,99
7,0,46
6,8,48
9,3,78
2,0,83
2,1,54
2,1,52
9,0,78
7,6,75
4,5,44
7,8,67
2,1,71
3,5,58
8,9,68
8,5,99
5,6,70
3,4,67
4,7,50
6,3,70
6,3,42
9,5,55
5,9,94
7,8,82
2,1,83
5,9,79
1,7,64
9,6,43
1,6,40
3,4,49
9,1,59
8,8,93
1,1,95
9,8,67
4,5,87
4,7,49
7,9,89
9,1,52
8,0,52
4,3,61
5,5,85
5,7,86
2,9,97
4,6,49
1,8,78
9,6,86
7,5,63
1,9,85
6,6,59
4,6,59
7,4,59
6,7,90
5,9,56
6,3,67
6,1,59
6,2,86
4,3,83
3,7,52
6,7,80
4,7,48
2,2,40
6,6,96
1,5,84
9,9,98
3,1,87
7,8,52
3,3,97
5,3,80
6,3,94
6,2,73
7,9,41
3,8,50
4,3,48
3,7,56
3,8,75
2,0,50
2,4,81
5,4,52
4,3,56
1,2,64
3,9,79
3,7,69
6,5,87
8,9,77
8,7,65
5,3,42
5,2,77
3,8,60
1,8,85
4,1,81
5,3,99
5,9,40
6,5,69
5,2,89
7,3,96
8,5,49
8,7,45
9,5,52
2,2,72
3,7,66
2,1,96
1,1,91
7,2,53
6,2,49
1,7,70
7,0,49
1,6,45
3,0,88
3,4,66
7,6,68
3,1,47
3,5,69
2,4,65
3,1,70
6,8,47
1,6,94
8,2,44
1,0,76
4,8,79
1,8,77
8,6,44
8,0,64
2,6,96
2,2,82
1,5,49
2,7,77
9,6,53
9,1,79
4,7,47
9,5,59
2,7,84
1,0,62
3,7,88
2,0,70
8,7,88
4,6,79
4,2,68
4,0,87
7,4,69
6,1,41
3,4,94
7,9,84
5,7,50
4,3,87
7,8,77
6,7,85
3,0,76
9,3,84
7,9,54
1,1,71
1,5,54
7,3,84
7,2,56
1,3,67
3,6,62
8,3,49
2,7,50
7,3,65
2,6,77
5,9,56
5,6,56
8,2,72
7,5,70
7,7,58
3,6,83
2,7,76
7,6,83
1,6,51
8,5,69
8,3,78
6,2,81
1,4,82
5,6,92
6,5,98
4,0,59
2,9,70
4,4,81
9,8,58
7,4,49
9,4,74
7,5,88
3,8,42
3,8,46
9,8,40
9,6,43
3,4,50
3,4,52
5,7,90
8,5,53
6,2,90
9,5,98
6,5,68
3,7,48
9,4,80
9,4,42
6,4,64
7,9,62
1,6,62
8,3,90
3,5,59
4,3,64
3,2,72
5,9,59
9,8,82
7,2,78
6,5,78
8,0,77
6,3,50
9,0,95
9,5,53
5,2,96
1,4,43
4,0,46
4,2,58
1,5,77
1,9,47
7,0,47
9,7,62
3,4,46
7,8,64
3,9,86
3,5,87
6,2,92
6,5,86
8,4,94
1,4,87
2,5,87
5,8,92
2,9,84
3,5,40
8,9,95
1,4,86
2,1,85
4,4,89
1,9,92
3,1,57
6,8,58
1,9,96
4,0,61
6,0,82
8,9,81
6,2,46
8,8,89
8,8,46
6,8,66
4,0,61
7,2,74
4,5,80
7,0,84
7,5,97
3,6,61
8,0,60
9,6,71
5,4,48
9,1,94
2,4,67
9,3,96
3,5,69
5,4,41
2,6,68
4,5,78
8,5,45
5,8,93
1,6,86
5,2,85
9,0,85
1,0,75
3,3,94
4,9,61
3,5,83
5,1,44
1,3,55
2,1,72
2,6,68
9,9,67
9,1,49
1,7,97
2,1,43
4,9,53
8,6,45
5,2,94
1,4,88
6,2,82
7,9,61
9,0,76
1,3,51
8,6,76
2,1,51
4,3,95
6,7,93
8,8,72
4,0,61
6,9,79
1,4,95
6,3,62
6,5,73
4,8,80
4,5,92
4,7,57
3,5,81
2,0,55
7,2,72
9,2,76
6,6,83
3,1,95
5,1,99
7,2,93
8,1,93
9,6,78
2,5,94
6,5,42
3,8,91
5,9,91
4,8,85
6,3,46
1,5,53
3,7,75
5,7,89
3,4,84
3,0,54
9,3,91
8,4,52
4,8,57
6,8,46
3,3,64
8,2,89
5,0,51
2,2,61
7,0,78
6,4,70
3,0,86
8,5,46
3,7,92
6,4,86
3,3,52
9,3,87
2,2,93
6,5,68
2,7,49
8,2,60
5,9,47
9,8,50
7,5,96
8,9,79
6,1,43
5,4,91
3,5,42
4,4,59
1,9,70
7,5,40
7,7,57
9,5,72
6,1,87
9,0,52
2,6,95
5,5,52
1,9,46
6,7,83
3,3,81
3,1,61
8,6,64
6,6,76
7,7,54
5,7,85
6,5,59
1,0,55
5,9,74
8,4,45
5,2,52
1,0,51
4,8,53
3,9,56
5,8,54
4,3,78
9,5,83
7,4,46
2,5,59
4,3,50
9,9,56
6,9,45
3,3,66
1,8,43
5,2,62
1,9,87
5,7,87
3,4,73
2,9,89
8,1,68
7,0,90
4,1,69
8,3,93
7,7,87
3,7,90
3,9,98
9,2,47
6,6,88
1,4,68
4,6,83
3,7,53
4,2,87
9,9,69
6,1,74
2,3,98
4,0,95
1,3,48
4,5,43
2,5,51
9,9,56
8,0,74
9,9,88
6,6,55
3,8,63
9,4,99
9,5,78
2,5,84
2,1,84
3,1,43
3,5,60
9,8,50
5,2,60
1,0,75
2,8,64
5,6,51
7,2,91
7,4,89
7,7,81
4,1,64
5,1,55
4,8,48
3,5,48
9,1,98
5,7,89
6,5,59
4,4,40
1,9,65
6,8,44
2,8,88
6,9,40
1,1,91
1,3,43
5,1,52
7,3,99
7,6,43
7,8,71
6,4,85
4,0,64
4,4,61
5,0,69
3,2,82
8,1,46
8,6,71
3,4,62
9,8,56
9,9,76
4,0,80
9,6,96
4,4,66
9,9,45
8,7,85
7,8,87
5,5,55
7,7,44
2,5,89
1,4,97
9,7,61
5,7,65
4,5,71
8,3,90
5,0,74
7,6,59
1,9,42
7,2,76
7,6,47
2,8,40
4,8,45
4,1,79
3,8,66
1,5,46
3,7,40
2,5,87
9,5,51
2,3,51
6,6,44
5,0,58
1,0,91
2,1,70
1,9,78
2,7,44
2,9,75
1,0,91
8,1,75
1,5,77
5,3,53
4,3,40
9,1,84
6,3,44
3,1,95
6,2,70
9,4,80
1,1,43
3,1,80
3,9,73
1,0,67
2,8,43
1,4,48
1,6,49
1,0,86
4,8,56
4,4,70
2,4,41
2,2,96
9,8,52
2,3,89
8,7,72
3,9,52
8,1,54
5,5,98
3,4,93
2,5,60
6,5,43
5,8,54
8,2,48
1,1,55
6,6,74
1,6,96
8,2,48
1,3,76
3,1,98
9,7,75
6,6,56
8,8,42
3,5,54
7,4,98
1,6,82
9,9,44
4,0,81
7,8,69
1,7,78
1,7,92
9,7,65
2,1,52
2,8,40
1,7,81
7,3,57
5,1,51
3,4,96
2,8,43
4,6,62
9,4,81
5,8,57
2,3,43
8,5,70
3,5,42
1,5,69
5,2,59
6,2,87
1,6,44
4,4,93
4,1,90
9,5,46
3,1,41
6,5,86
7,7,86
3,9,66
5,9,68
6,7,78
7,0,41
7,4,93
3,4,79
3,1,53
1,1,42
1,4,52
6,1,72
2,7,50
2,5,81
1,0,67
8,4,88
2,4,63
1,2,83
6,9,89
3,0,50
8,6,78
7,9,68
4,7,70
7,3,73
9,8,67
7,3,84
7,0,46
9,9,56
3,3,54
7,2,46
9,9,64
4,8,92
1,6,71
2,9,98
3,1,74
1,8,63
2,1,65
7,7,89
5,2,66
3,9,46
6,5,42
3,6,73
9,8,55
1,1,50
4,9,63
9,6,74
5,8,99
4,0,88
8,1,58
8,0,49
8,8,83
3,5,72
5,1,61
4,0,96
1,9,68
5,1,78
5,5,77
3,5,83
9,3,63
5,7,95
7,2,96
7,0,60
8,3,86
7,1,44
2,5,94
3,8,89
7,2,51
1,2,47
3,7,80
3,2,97
5,4,74
7,4,58
5,2,70
1,2,73
8,0,56
8,1,53
6,3,91
5,8,41
7,2,92
3,4,70
7,0,62
8,0,75
3,0,79
6,6,58
6,1,82
5,3,52
4,2,53
8,7,85
6,5,69
3,1,46
8,6,98
9,3,64
5,6,71
6,0,43
3,9,71
7,9,89
3,9,86
7,9,84
4,7,72
7,5,66
8,8,85
8,7,59
1,5,83
1,8,98
6,4,49
4,8,48
9,7,83
9,9,52
3,0,85
1,3,63
6,1,71
8,2,79
4,6,79
7,0,47
3,1,74
6,2,86
7,2,72
6,9,80
3,8,55
5,1,75
4,0,69
9,4,79
3,9,91
7,7,43
5,7,95
3,3,72
5,6,56
2,1,52
9,5,92
2,1,76
2,7,85
9,8,83
2,4,49
4,9,62
9,3,82
7,9,46
4,9,66
6,5,42
4,6,48
7,1,75
6,3,77
8,3,76
9,4,67
4,2,46
2,8,84
6,5,66
7,4,96
4,0,42
6,0,90
3,5,96
7,0,45
6,2,99
5,9,66
1,3,79
6,7,42
4,0,88
9,5,54
6,3,80
4,9,86
1,8,69
4,7,87
1,5,42
8,3,62
1,8,76
9,0,73
4,1,95
1,3,91
5,0,67
5,4,47
9,1,77
9,3,64
5,6,64
4,0,53
1,3,48
9,1,47
5,6,83
5,4,90
7,3,55
6,6,84
4,6,61
1,5,50
3,5,41
2,8,82
9,7,84
7,9,84
3,6,66
5,7,43
3,4,45
6,0,98
7,6,42
7,8,44
7,8,44
7,5,47
6,5,64
8,4,80
5,8,92
4,8,60
4,9,97
1,4,43
2,7,95
8,5,90
3,2,46
9,9,41
9,9,63
3,3,63
6,5,89
8,8,90
7,3,51
4,0,91
3,1,50
4,6,59
2,4,58
9,7,67
9,9,57
5,2,87
8,5,41
9,6,85
6,9,64
3,8,65
2,3,78
8,2,77
4,4,49
7,4,52
9,8,64
6,4,47
4,0,41
4,6,66
4,2,81
3,7,58
2,2,78
3,3,53
4,5,98
2,5,81
6,8,41
4,1,98
5,0,70
9,1,51
6,3,77
6,2,59
3,5,98
2,6,83
5,9,53
7,8,99
5,5,85
4,9,45
2,9,81
1,9,72
9,6,54
9,2,46
8,0,41
2,9,70
8,2,51
8,6,76
2,6,66
8,5,69
7,6,64
5,9,92
1,4,49
9,1,56
9,6,86
2,3,87
8,2,49
9,8,97
3,8,62
7,4,62
5,5,62
5,0,53
2,3,80
9,3,58
5,3,83
2,1,72
6,0,76
5,0,67
8,8,56
2,9,49
5,5,97
6,1,94
4,5,90
4,5,72
4,7,95
2,4,67
7,0,74
1,3,55
5,9,67
3,7,44
2,6,54
8,9,63
3,0,74
8,4,56
7,7,74
9,7,52
4,1,89
5,0,58
9,9,63
6,5,72
9,1,54
5,1,79
6,7,68
9,3,79
8,7,90
4,7,48
6,8,45
4,4,54
7,1,47
9,2,61
3,0,44
1,2,57
1,3,64
1,2,51
4,7,40
6,5,97
6,4,84
6,0,49
7,3,42
4,5,49
3,6,80
7,8,46
9,0,77
2,5,45
6,5,59
2,6,59
5,7,84
8,5,89
2,3,57
6,7,56
2,4,78
7,7,41
3,4,98
5,3,73
5,8,42
8,8,84
5,7,96
2,2,68
1,1,78
9,0,59
1,9,70
6,8,97
4,0,98
2,7,91
1,6,50
3,0,99
3,9,81
8,3,77
5,3,70
3,0,92
7,8,57
8,9,71
2,2,61
2,5,42
6,2,73
5,6,77
3,2,47
9,3,87
9,6,52
3,3,44
9,6,42
6,6,47
8,0,75
2,1,65
4,0,86
8,0,40
3,8,82
7,6,70
4,9,75
3,2,96
8,9,94
6,5,89
6,8,49
1,8,41
9,1,63
4,7,97
9,2,85
3,3,54
7,5,41
4,8,73
4,4,59
1,4,79
2,5,94
9,4,67
7,6,63
7,3,69
5,2,56
7,5,78
5,5,71
3,7,64
7,8,90
5,6,80
1,0,49
8,1,94
6,5,43
3,1,49
1,7,98
1,5,85
1,1,58
9,7,56
7,3,64
1,9,67
5,2,42
1,9,87
2,6,66
6,5,86
5,4,43
1,0,66
8,8,70
5,4,71
1,5,76
3,6,74
9,1,87
9,7,52
8,5,97
9,5,79
4,3,67
9,9,87
6,5,59
8,3,71
3,1,80
4,4,64
3,0,65
9,3,90
6,7,75
7,6,59
7,8,76
4,3,95
4,4,74
4,3,46
6,4,69
1,5,99
7,7,80
7,7,91
5,0,79
8,4,45
7,7,74
5,1,95
2,2,84
6,7,86
1,2,55
6,2,70
9,6,50
5,4,57
5,6,40
1,6,40
8,0,98
6,1,77
9,2,81
5,2,76
7,0,87
2,4,69
3,2,62
8,8,44
2,6,70
5,5,81
9,5,57
8,4,93
9,0,73
1,6,90
2,9,64
8,7,90
3,6,54
5,9,83
7,7,66
6,8,76
7,0,93
5,3,77
6,5,41
4,0,45
4,2,75
9,3,54
7,0,71
6,2,45
1,9,86
8,2,77
1,1,95
7,6,47
2,5,52
5,0,79
2,7,67
7,8,47
8,3,70
3,5,58
3,7,73
8,4,66
9,8,63
8,1,96
9,5,63
2,0,89
5,7,67
8,9,71
6,7,69
2,7,89
8,5,71
1,1,69
9,5,92
8,3,96
8,8,92
6,9,74
5,4,85
4,2,42
4,2,96
5,6,46
4,5,52
8,4,76
4,8,80
2,8,54
6,9,58
2,2,50
2,0,43
5,4,48
2,6,85
6,1,59
8,1,45
4,5,44
7,9,88
9,8,83
3,6,94
5,4,70
9,4,45
7,0,64
8,8,46
2,8,63
5,9,47
7,9,79
6,1,51
5,4,61
7,1,89
3,0,64
2,1,90
1,4,86
6,6,74
1,3,75
7,2,41
9,1,47
1,2,47
7,1,71
1,5,99
4,9,83
4,7,58
4,5,77
9,9,70
6,6,82
2,1,69
7,0,83
6,6,63
6,2,92
7,8,93
2,0,45
4,1,68
2,0,80
5,0,84
2,4,60
7,9,97
6,6,84
4,1,44
8,1,61
8,5,56
2,7,95
9,7,63
3,1,62
9,4,77
5,9,43
8,3,73
1,5,87
6,1,65
4,9,57
2,3,68
7,6,64
8,1,78
7,2,90
4,6,93
7,5,73
7,8,76
6,9,99
3,8,77
2,9,62
2,3,96
5,1,77
2,0,92
6,7,49
5,5,91
5,0,73
8,1,70
1,0,77
3,4,49
3,8,99
9,5,90
7,8,92
5,9,46
2,0,48
8,6,95
8,9,61
9,5,85
5,8,76
6,5,73
5,3,97
8,1,64
4,6,73
2,9,57
5,5,66
4,1,69
9,5,64
7,4,52
8,1,53
5,6,87
5,3,57
1,4,69
3,3,71
4,8,99
9,6,69
1,1,72
2,7,72
8,7,62
5,3,94
4,4,58
2,1,48
1,0,89
3,2,97
7,6,54
9,5,41
8,9,66
9,5,94
9,2,51
2,2,69
5,6,52
7,4,74
6,0,86
1,7,51
1,7,93
8,0,67
7,7,70
5,2,54
7,2,90
1,7,52
6,7,97
3,2,75
7,1,67
5,6,73
9,7,80
7,0,44
3,8,74
1,3,82
2,9,54
5,9,60
1,3,54
2,8,88
5,8,54
2,2,91
9,4,46
8,7,40
8,8,99
4,0,87
1,1,44
4,7,98
8,7,70
4,4,83
3,0,77
8,7,97
2,8,53
1,3,93
5,2,90
2,9,79
6,9,64
5,2,74
1,5,76
6,3,81
9,6,56
9,1,41
7,1,81
5,8,56
7,8,87
7,7,45
6,3,51
4,3,68
7,7,85
9,0,58
8,4,92
4,6,84
3,2,92
2,6,46
5,6,70
6,7,58
3,4,83
9,8,94
5,4,45
5,7,57
7,2,58
1,0,97
3,6,73
7,6,43
9,2,97
9,1,78
9,5,99
4,6,43
5,9,90
6,3,63
7,5,78
5,4,49
6,2,79
7,2,40
8,0,53
6,2,82
3,1,91
4,6,56
4,4,44
2,8,57
2,8,42
3,9,73
1,4,59
4,1,41
2,7,68
9,4,58
7,6,41
7,6,74
7,6,45
5,1,67
8,2,48
8,3,41
3,2,62
9,7,77
4,8,73
3,5,97
4,5,74
3,8,91
2,7,46
9,2,93
5,7,69
4,9,75
6,6,83
4,3,83
9,1,98
4,8,73
3,1,63
6,4,91
9,5,66
2,4,71
5,4,97
5,7,85
7,7,67
8,1,97
7,6,40
4,3,70
3,7,91
9,1,80
1,9,75
5,0,48
1,6,81
6,3,85
4,3,67
1,8,97
4,5,52
4,4,81
6,0,75
4,8,82
2,3,78
7,1,54
4,6,66
8,3,71
4,6,49
1,9,88
7,2,90
9,7,78
9,6,88
4,9,99
6,5,81
8,7,82
8,4,93
5,5,48
6,6,54
5,4,60
4,5,53
4,2,65
6,1,55
2,6,63
7,0,62
2,7,97
5,0,70
4,3,75
8,7,87
5,3,51
4,5,59
9,2,91
8,2,59
1,7,47
2,3,42
1,3,82
3,6,41
5,8,90
5,6,56
6,9,89
4,5,85
1,6,98
4,7,44
2,4,59
3,5,77
5,9,43
7,7,55
9,3,80
6,9,55
7,7,44
5,2,45
1,4,94
2,2,80
9,8,82
7,2,62
3,5,93
8,1,93
9,7,55
6,5,89
3,7,91
4,6,66
6,4,60
5,2,77
9,6,41
2,8,70
2,4,68
6,5,98
7,9,68
8,6,73
6,0,59
9,2,84
8,1,80
6,5,78
2,4,83
1,8,46
8,6,74
7,9,97
6,8,66
4,9,96
6,9,42
1,2,74
9,7,69
9,8,54
7,4,99
6,8,45
4,4,49
8,5,84
6,4,62
8,9,98
6,6,88
8,7,59
4,7,91
4,6,55
7,8,61
3,5,47
6,0,45
4,8,47
1,8,85
3,7,51
9,3,63
3,4,73
2,8,95
5,7,96
6,9,96
1,2,52
3,3,84
3,3,68
9,5,48
3,1,77
7,1,75
2,3,67
7,3,72
5,8,43
5,7,42
6,5,97
2,9,79
6,7,47
5,3,48
9,9,53
2,4,68
1,3,76
1,2,84
9,7,58
2,4,92
9,5,50
6,3,60
3,4,41
5,1,66
6,3,53
6,4,74
4,0,80
1,5,42
5,2,70
3,7,53
3,6,68
1,8,51
1,0,58
4,1,74
2,1,50
9,3,98
6,9,96
6,1,44
2,0,90
9,8,40
5,1,59
7,4,88
5,3,53
6,7,82
2,3,98
5,0,42
1,7,66
8,5,52
4,4,78
2,2,45
5,0,43
8,6,83
8,4,54
5,0,99
2,0,71
5,1,90
5,4,92
4,3,90
8,1,90
5,3,70
5,4,67
3,3,94
2,1,46
5,5,85
9,5,93
2,4,69
7,7,83
3,4,88
2,3,98
8,4,87
2,2,42
4,5,63
9,9,69
7,1,92
1,6,57
3,6,80
5,0,58
1,9,80
5,1,89
2,2,56
7,5,81
1,8,95
8,6,97
6,9,81
5,2,52
7,0,43
3,2,59
2,7,51
2,5,73
6,4,47
8,9,88
8,9,95
8,2,83
6,9,40
6,4,42
8,0,87
5,0,81
2,6,90
1,8,81
9,5,92
3,4,40
5,0,52
5,1,58
3,4,46
9,7,56
9,9,69
1,9,70
6,9,97
9,0,82
9,5,71
8,5,70
7,3,91
8,8,93
2,3,72
9,6,47
1,7,64
3,5,53
7,3,53
5,6,48
6,6,70
3,5,45
2,3,45
6,5,72
7,5,58
3,7,54
5,8,60
8,4,54
8,0,48
9,4,89
4,7,54
2,8,68
3,2,78
7,5,56
8,8,83
3,4,56
8,7,47
9,6,89
8,8,40
4,2,89
1,5,75
5,4,95
7,4,87
2,3,61
1,0,54
3,2,98
7,8,51
1,6,90
3,9,67
5,7,86
1,3,94
1,6,87
7,6,95
8,7,40
5,7,96
9,9,66
6,8,63
2,5,48
6,4,99
8,8,42
5,2,72
1,2,65
5,8,45
5,6,96
8,7,56
6,0,91
9,8,62
6,7,57
9,9,87
7,7,41
6,3,78
4,5,96
9,4,93
8,5,43
5,3,52
4,2,87
4,1,77
4,4,57
8,2,81
8,9,68
7,6,94
9,9,87
5,2,89
5,4,89
8,9,46
9,7,87
4,2,84
6,0,61
5,3,64
1,7,67
7,9,92
6,6,93
8,6,61
2,0,71
6,6,71
8,7,94
8,6,84
7,6,73
5,3,99
8,6,94
4,8,66
9,6,74
3,7,87
8,7,56
2,5,64
4,4,77
1,9,80
7,9,88
5,7,82
5,0,52
3,7,68
4,1,58
9,9,45
6,0,93
3,4,57
8,4,76
1,0,57
8,4,96
3,1,97
3,8,75
2,2,65
1,3,41
6,3,55
9,3,88
8,9,60
9,1,43
7,6,88
5,9,63
6,8,42
5,0,89
6,3,71
6,1,48
3,9,87
5,0,44
1,1,91
5,5,50
6,3,43
2,4,97
8,6,45
1,9,78
2,1,63
4,3,67
7,9,91
8,0,99
9,4,93
9,0,58
1,6,69
7,8,60
2,7,83
9,5,60
7,3,82
4,6,65
2,1,54
4,5,58
5,7,98
8,3,87
5,5,60
9,2,49
1,1,51
8,7,61
1,8,70
7,6,49
6,7,74
2,9,81
1,7,45
5,0,55
3,9,77
1,7,44
6,3,44
6,8,44
4,3,89
5,8,54
4,2,83
7,1,95
7,8,71
6,9,97
8,3,82
1,8,54
5,1,51
8,6,66
5,3,97
8,2,76
4,9,49
9,4,44
6,1,65
6,6,82
9,3,78
9,7,60
6,1,74
8,7,92
8,3,78
8,0,48
3,8,86
8,9,90
8,8,75
9,9,62
6,7,55
7,8,76
1,7,67
5,7,67
9,2,88
9,2,92
8,2,47
9,9,79
7,0,88
1,8,88
5,0,72
9,5,95
6,8,66
4,4,51
1,3,60
2,2,45
3,1,88
3,6,65
4,3,91
5,3,76
8,6,49
8,8,76
8,0,45
4,4,65
4,9,78
3,8,63
7,0,73
1,0,96
7,8,58
6,0,56
6,9,44
2,0,66
3,9,95
9,8,80
3,1,95
4,0,73
3,3,73
1,5,74
9,8,45
2,6,95
1,1,79
6,4,94
4,4,89
3,3,65
8,4,48
1,6,62
5,7,83
2,3,66
8,3,63
9,9,90
5,7,92
2,1,47
3,2,43
6,3,43
8,7,98
1,7,54
1,6,47
3,4,67
6,9,91
5,6,62
9,0,40
4,3,91
8,9,47
1,6,53
8,1,70
5,5,65
3,0,86
5,6,53
5,2,51
7,8,84
5,3,60
3,0,49
6,9,95
9,6,62
4,3,68
3,3,57
5,5,86
1,8,75
7,7,72
8,6,50
1,3,60
5,7,49
1,2,63
1,9,81
3,0,51
9,1,64
2,2,55
8,3,56
6,4,92
7,1,69
2,6,41
2,4,52
6,1,73
6,7,59
6,1,88
2,6,80
3,7,49
7,8,40
9,1,85
6,3,97
3,7,61
9,4,87
9,4,44
2,9,71
7,8,93
5,5,91
8,7,71
5,2,88
1,7,50
5,0,99
8,3,95
5,8,90
2,7,86
8,0,51
7,9,91
3,8,43
6,9,63
3,9,84
6,7,65
9,7,54
4,8,42
3,4,94
8,7,66
2,7,71
6,7,84
1,3,49
4,3,96
9,7,83
2,3,47
4,0,46
8,1,69
9,0,52
1,8,75
6,9,95
5,0,61
4,9,63
3,1,48
6,4,98
5,7,47
8,6,82
5,3,59
7,1,96
2,7,87
1,0,47
5,9,55
5,6,83
9,2,68
4,4,85
8,3,97
7,0,92
7,9,80
1,8,52
4,1,63
5,4,48
8,6,57
1,5,45
9,4,78
8,6,45
5,7,50
1,3,44
2,6,76
9,2,83
3,2,78
8,4,54
8,1,67
2,2,40
9,3,57
5,5,93
4,5,69
4,2,97
6,1,41
3,0,63
9,8,82
5,2,63
7,6,45
5,3,87
4,5,54
5,0,62
9,8,54
4,0,44
1,3,74
3,4,43
1,9,48
6,0,87
2,1,72
4,2,52
9,8,99
6,3,73
9,1,59
2,8,80
7,2,43
5,6,92
2,9,66
7,3,59
5,5,57
9,8,44
8,7,84
4,6,49
1,3,49
8,7,69
7,1,55
2,6,49
1,1,65
7,1,84
8,1,89
9,0,73
8,0,63
6,0,94
3,6,84
2,3,92
2,6,87
8,0,84
5,5,42
4,2,79
1,3,48
6,8,41
6,0,46
4,0,52
2,3,75
6,1,44
1,6,96
9,2,56
8,3,99
3,1,86
6,5,59
8,1,68
9,8,96
1,3,99
3,6,61
2,5,54
6,2,75
9,4,65
4,2,84
7,0,84
7,1,52
2,6,87
8,1,71
7,2,53
6,6,63
1,4,80
1,5,51
1,2,80
7,8,46
6,9,52
5,3,78
6,8,91
8,0,45
4,1,44
1,8,52
3,0,58
1,4,75
7,1,53
6,7,71
5,9,94
1,2,69
9,4,41
8,6,48
5,1,85
8,0,42
4,5,52
3,0,65
6,1,45
9,1,76
2,2,59
1,9,76
8,2,47
2,4,55
5,5,58
3,6,80
8,4,75
5,1,68
8,9,43
4,8,51
4,7,88
1,7,71
5,2,93
2,2,81
1,9,55
6,2,47
3,0,76
4,4,40
9,6,93
6,0,65
2,7,71
1,2,98
1,4,95
1,2,81
6,4,54
9,9,43
5,0,99
9,3,42
8,3,82
2,7,50
6,7,76
3,5,94
9,3,52
4,7,50
9,8,77
9,6,96
2,8,77
2,1,43
8,6,49
5,0,59
4,2,85
6,6,99
2,5,95
4,6,47
5,7,70
6,9,53
7,5,79
8,9,73
7,1,44
2,0,89
6,9,76
8,0,78
7,8,66
4,2,69
7,0,88
4,9,44
6,1,64
3,1,41
1,9,94
3,3,83
4,0,41
7,5,73
9,8,86
2,3,53
8,5,79
8,7,69
4,5,71
6,6,73
6,4,82
5,8,63
1,4,55
3,0,49
1,2,85
1,0,78
5,3,55
9,3,57
9,3,44
7,5,52
9,6,57
4,5,91
7,0,91
8,8,91
1,9,65
5,4,66
3,8,86
7,3,56
4,4,81
9,7,66
4,0,99
9,8,48
7,1,86
1,9,94
9,5,73
8,8,87
8,2,76
7,4,51
6,8,61
9,2,40
1,9,63
6,4,43
8,9,85
1,6,61
6,8,83
9,8,65
5,2,69
2,0,85
6,2,93
4,2,82
3,7,43
4,3,97
7,0,46
9,4,89
8,9,67
8,0,40
6,5,46
1,6,52
2,4,40
1,6,78
1,9,91
7,1,43
6,7,67
1,6,85
9,5,62
2,3,85
3,1,67
7,0,56
7,7,42
7,9,79
4,8,83
8,2,54
8,4,86
6,2,89
8,3,81
9,5,82
5,1,81
9,7,57
1,6,40
3,4,44
9,2,76
9,8,69
8,8,86
8,0,48
4,5,91
9,5,58
3,6,66
3,1,94
1,9,62
7,2,43
2,4,42
8,7,73
1,5,61
2,8,57
2,1,55
6,1,70
7,0,79
9,9,58
3,6,60
4,7,93
3,0,85
4,8,63
6,3,63
4,5,70
9,6,43
6,1,85
9,3,87
3,4,94
4,5,40
4,0,66
3,4,46
3,1,77
2,0,65
9,9,47
3,9,86
7,8,64
2,4,68
3,1,47
2,4,65
9,3,54
9,0,72
9,7,40
3,6,62
7,3,72
3,4,46
8,5,77
6,8,64
6,7,87
1,1,53
9,0,71
4,5,70
3,3,56
7,7,53
7,8,97
2,8,56
1,2,96
4,8,80
3,9,75
7,2,56
4,9,62
9,1,78
1,2,75
8,4,61
7,8,60
1,3,99
7,3,53
7,8,47
4,9,43
1,4,68
4,1,45
1,9,86
7,8,92
9,9,53
9,6,73
6,1,54
9,0,78
4,8,86
8,3,44
2,3,77
8,0,87
7,8,87
3,0,71
8,9,55
7,2,85
3,3,42
5,8,91
6,7,60
8,1,83
7,8,41
9,2,70
2,0,93
2,2,75
3,0,85
5,5,99
9,6,87
6,4,90
9,0,90
3,4,74
4,7,94
7,2,74
8,8,77
5,6,89
1,9,86
6,0,48
4,8,88
6,3,60
6,7,54
5,5,93
1,1,71
7,7,47
4,6,66
2,4,65
6,2,86
1,5,61
7,2,45
4,9,43
2,4,72
3,5,62
6,2,56
6,9,86
2,5,42
1,4,76
7,0,84
9,0,42
3,2,57
3,8,87
8,0,67
9,9,87
9,7,71
6,1,91
4,5,75
6,5,93
3,0,86
5,8,61
9,7,49
6,8,42
2,1,58
1,9,88
6,9,83
6,5,68
8,9,59
9,6,67
8,6,68
2,8,46
2,7,97
3,2,65
9,3,83
2,0,45
8,8,86
5,7,66
5,6,50
4,6,82
8,6,95
2,6,63
7,9,98
5,8,88
9,6,66
1,2,93
8,1,52
9,2,59
7,3,91
9,8,95
6,6,69
6,9,98
7,6,80
1,3,52
3,9,92
1,6,83
3,6,91
1,8,69
2,8,78
9,5,50
2,5,95
2,0,45
4,8,48
6,9,77
6,8,66
4,5,94
8,2,63
7,3,91
5,4,57
1,2,98
3,0,65
5,5,56
9,1,99
8,2,69
2,9,52
7,4,60
1,5,56
3,7,66
6,6,75
3,5,83
1,0,45
1,4,86
7,2,43
5,6,66
7,3,93
6,7,95
9,5,40
6,8,84
4,7,66
2,2,65
2,3,75
4,2,48
8,2,88
3,7,66
5,6,54
1,8,97
3,7,91
5,1,88
8,6,68
8,6,62
6,6,73
3,8,75
8,2,58
3,4,84
1,6,56
9,8,65
5,0,60
8,2,46
7,4,93
5,8,47
1,2,71
8,9,97
1,7,82
4,0,58
4,4,61
2,8,88
2,4,63
1,0,53
3,8,73
7,4,79
8,2,45
4,6,53
1,5,69
8,2,90
1,3,50
2,6,60
2,3,65
1,5,98
5,0,83
4,5,96
6,8,47
9,4,42
4,1,53
1,5,56
8,5,56
6,7,68
2,3,79
8,7,47
7,9,87
6,8,68
6,9,95
9,2,76
5,2,94
2,3,47
7,5,64
4,4,49
3,7,88
1,2,43
2,1,96
4,1,52
6,5,75
1,3,96
8,5,42
1,8,93
3,0,54
2,7,53
8,3,95
9,1,58
7,4,75
8,6,73
8,7,85
7,2,90
7,5,69
6,4,93
8,3,48
4,9,87
8,8,63
9,7,78
9,6,42
8,6,75
2,1,80
6,3,91
4,9,40
7,6,71
5,6,86
5,4,88
6,1,81
8,9,84
4,7,41
2,6,48
2,7,71
7,4,94
2,6,97
2,9,60
8,7,87
7,8,49
3,3,48
2,0,60
8,1,78
2,9,90
6,1,70
4,1,64
7,3,65
6,9,55
9,3,76
8,9,79
2,1,92
2,3,48
5,4,78
8,6,74
2,6,67
2,9,89
5,7,72
7,2,96
6,4,63
2,3,60
1,5,64
2,2,50
6,7,70
1,7,52
5,5,44
9,3,78
9,9,73
7,2,74
6,6,74
2,0,80
5,2,49
5,0,84
1,7,77
8,4,71
7,4,55
2,0,45
9,3,49
1,6,99
4,5,55
2,8,65
3,0,42
7,7,54
8,6,47
3,1,82
3,8,78
1,8,67
2,1,73
6,5,47
2,5,66
2,3,66
5,6,92
5,6,48
9,2,74
6,8,54
3,4,46
6,5,66
9,1,52
5,1,51
7,2,69
4,8,82
2,6,76
7,5,98
4,3,65
1,3,57
2,0,74
8,1,90
4,1,64
8,3,81
9,5,87
7,5,56
8,4,91
5,6,76
2,9,44
9,8,77
4,2,40
7,0,79
6,1,66
2,6,51
2,8,88
4,8,66
8,3,57
1,0,77
4,1,61
2,8,75
4,9,44
1,2,96
1,7,94
4,7,77
2,1,88
1,6,58
1,5,94
7,6,57
9,7,97
8,0,93
8,6,46
8,7,97
7,3,53
3,7,84
9,9,90
6,7,80
9,0,54
8,0,60
9,8,80
7,7,47
2,7,58
8,7,88
3,7,46
9,0,47
7,4,79
3,5,68
8,9,61
7,2,90
9,5,41
2,5,63
9,5,81
5,3,90
9,3,87
7,0,65
9,4,56
9,7,57
4,0,44
3,0,57
2,9,60
2,8,67
1,9,59
3,5,97
5,2,58
8,6,89
2,3,72
8,8,94
2,0,89
5,9,54
3,8,46
3,8,92
6,0,62
3,6,58
6,3,46
1,2,83
4,6,69
2,6,99
1,2,55
9,6,52
9,3,89
8,2,84
6,1,85
8,4,42
6,3,49
7,8,83
6,4,72
2,1,77
6,3,93
6,8,66
1,7,76
1,4,58
4,0,83
1,1,67
4,1,71
8,7,88
4,7,77
3,8,72
8,5,65
4,3,90
6,4,60
7,5,98
4,9,77
8,4,59
4,3,56
3,9,48
2,2,67
8,5,77
1,1,94
1,6,81
9,5,74
2,0,65
1,0,74
5,5,75
1,5,47
3,5,87
9,5,41
1,8,81
2,8,46
9,4,74
8,7,49
4,6,81
7,5,99
1,0,57
6,3,70
5,3,68
9,7,78
6,3,60
2,7,61
6,6,55
4,9,64
6,6,98
5,5,80
5,5,90
9,5,98
3,6,90
8,8,41
5,1,87
8,1,70
2,7,83
6,5,81
8,5,63
6,1,79
7,0,78
7,1,63
2,4,62
7,5,63
1,9,64
5,2,54
3,9,79
8,4,76
3,3,87
1,3,42
1,8,78
1,5,85
5,8,64
7,5,70
8,9,53
1,1,86
1,1,96
1,1,45
7,7,64
4,6,62
7,7,63
4,9,86
6,7,66
5,6,61
2,6,61
8,7,94
5,6,88
9,7,67
3,7,52
5,1,68
9,5,91
6,6,42
9,5,73
6,0,70
1,4,80
2,8,71
5,7,99
8,1,68
6,9,68
1,9,83
8,3,57
3,8,56
7,4,97
3,3,93
3,2,97
1,0,69
2,7,77
1,9,49
1,2,50
3,0,94
6,9,79
4,9,81
9,6,74
4,1,85
1,0,59
8,1,51
8,9,66
9,1,91
2,8,81
1,9,68
9,3,62
4,3,62
6,0,75
6,7,95
7,6,63
3,6,72
2,7,54
5,1,62
4,7,43
5,4,53
4,3,85
9,7,85
2,3,59
6,5,59
7,5,89
1,2,53
7,4,47
1,5,67
1,4,86
1,1,62
7,7,65
7,7,42
2,5,79
9,5,83
3,6,67
1,5,62
3,3,81
4,1,57
3,7,69
4,5,97
4,9,49
7,5,71
7,6,49
5,1,76
6,0,83
3,6,54
8,6,47
1,9,69
9,3,56
8,1,62
2,8,40
9,8,46
4,6,58
9,2,81
7,1,48
6,7,62
1,9,51
1,3,79
8,6,77
9,9,56
3,9,46
8,1,91
3,7,81
4,4,55
5,3,90
2,9,54
4,8,49
1,6,84
8,0,85
8,0,64
3,3,80
3,1,58
9,0,69
9,7,78
9,3,92
8,9,87
5,8,41
9,9,57
1,5,60
5,9,85
9,4,86
5,0,59
1,3,41
9,2,41
3,9,88
5,6,65
2,0,82
7,1,42
4,2,86
2,8,72
9,7,88
9,9,46
5,8,70
9,2,54
4,5,93
4,2,48
6,9,86
3,6,62
3,0,43
1,7,40
9,2,77
7,2,68
1,5,89
7,8,80
1,4,50
5,9,68
7,3,70
4,9,61
1,8,64
1,7,59
6,1,54
5,8,94
5,1,80
2,1,51
6,8,58
6,9,89
6,0,42
8,5,95
6,4,44
4,7,41
1,4,59
1,3,62
9,3,60
4,4,90
8,3,52
6,3,87
3,1,78
2,9,59
2,8,99
1,2,45
5,9,93
1,2,98
3,8,99
1,8,55
2,6,76
2,7,48
8,2,97
9,9,54
4,0,51
9,9,75
6,6,55
7,6,87
2,5,59
3,3,72
3,2,94
8,7,40
5,5,47
2,3,49
7,7,92
6,8,77
5,0,89
1,9,40
7,1,93
8,9,52
2,2,40
4,0,72
1,9,40
3,3,99
2,3,98
3,3,52
3,3,48
5,0,45
8,2,88
9,8,43
1,0,54
3,4,89
2,3,73
8,1,53
4,8,95
2,5,76
9,1,60
3,8,75
2,2,53
4,8,55
2,2,52
5,6,75
4,3,97
2,6,61
2,3,60
7,6,89
3,2,91
3,2,86
4,0,68
9,7,63
9,7,68
1,5,96
8,8,65
2,6,43
1,3,55
4,6,78
7,4,46
4,5,95
9,6,93
1,9,53
2,0,57
9,7,48
7,1,58
8,6,73
3,9,65
6,5,61
9,9,81
4,4,99
8,5,83
6,4,41
2,2,66
8,5,96
9,6,85
1,3,93
2,7,48
2,4,60
3,9,71
7,7,47
4,7,76
8,3,65
3,1,46
8,3,90
8,5,56
5,6,80
2,7,97
2,0,74
1,0,80
7,4,54
2,2,86
3,7,48
1,0,41
5,9,60
5,2,42
2,5,55
6,9,72
7,2,60
5,4,98
6,0,89
8,3,56
5,9,71
8,8,48
1,8,89
7,3,47
1,9,43
9,0,85
9,1,77
1,1,69
2,5,95
7,2,47
8,5,96
3,8,86
2,1,44
7,6,72
5,2,95
1,1,71
5,9,40
9,4,45
9,4,69
5,0,40
9,1,55
6,4,48
5,9,65
4,9,63
5,1,92
7,6,72
4,3,97
3,3,98
7,9,98
6,9,87
7,6,94
5,9,89
1,3,63
6,7,97
5,6,77
8,6,54
8,2,82
8,5,93
5,8,58
3,2,69
2,6,59
5,9,40
6,3,88
3,6,40
2,5,47
6,9,74
7,0,93
3,9,87
3,0,82
4,2,94
1,5,60
1,0,99
3,2,53
1,7,81
8,4,43
9,9,92
4,6,47
4,3,63
9,5,74
6,0,54
4,7,72
5,9,80
4,9,42
6,6,54
4,1,46
7,8,43
3,6,98
4,5,74
5,5,40
3,0,80
1,1,56
4,9,54
8,2,70
6,0,90
8,7,97
3,1,97
1,6,67
7,0,67
6,2,62
4,1,46
9,5,82
4,6,93
9,3,66
9,1,67
6,7,93
2,4,87
4,5,66
3,7,95
5,5,85
5,8,81
9,3,86
4,9,79
2,7,76
4,2,72
9,4,82
4,3,51
4,6,73
9,7,54
6,1,68
6,0,40
1,6,87
6,9,41
2,7,95
7,1,99
1,5,91
3,0,85
3,4,65
8,6,75
9,0,41
9,6,69
8,7,74
7,9,82
3,6,81
3,2,78
4,2,85
6,0,51
1,3,86
6,6,54
8,5,74
2,7,55
9,8,82
6,1,76
3,9,59
7,2,97
2,5,63
9,8,81
6,6,88
3,5,87
8,4,60
7,3,72
7,6,90
5,8,53
7,1,55
3,9,52
2,6,61
3,3,74
9,7,75
7,1,75
1,2,45
7,7,61
3,6,80
6,9,56
8,5,87
6,1,42
8,5,94
7,7,95
4,0,73
7,7,47
9,1,78
8,0,43
3,9,47
3,7,55
9,4,62
7,6,54
8,6,52
8,4,53
5,6,59
5,7,48
8,4,67
7,3,62
8,3,86
5,1,94
1,8,47
1,3,49
2,6,97
4,9,90
9,3,54
3,5,98
9,3,87
3,6,96
7,9,54
8,9,93
7,3,95
6,0,67
6,7,97
2,9,80
4,7,65
1,3,97
4,1,87
6,7,67
3,0,73
3,4,49
7,4,42
6,5,72
8,1,65
6,9,76
4,1,84
3,8,89
8,2,66
2,3,92
6,5,42
7,1,70
4,5,50
8,3,87
8,8,92
4,7,51
4,4,86
9,9,45
6,2,90
9,6,67
2,2,82
6,1,88
7,2,48
6,2,91
4,5,84
3,1,77
7,0,91
1,6,50
2,2,71
3,2,40
1,0,61
8,0,97
9,6,48
7,9,74
2,2,99
9,6,44
4,0,89
9,2,89
1,0,83
5,7,69
3,3,48
3,3,61
9,1,83
5,9,44
2,0,98
7,0,51
8,0,80
4,8,67
1,3,40
6,9,92
6,0,88
3,2,67
9,3,42
5,5,76
7,1,65
6,1,96
4,2,98
6,6,47
1,2,56
2,6,73
4,0,47
6,3,41
8,4,53
2,5,44
5,8,40
8,6,56
1,8,66
5,0,60
6,8,53
9,8,91
1,5,88
9,9,54
9,1,81
2,6,88
5,5,50
2,9,96
6,8,90
7,3,86
8,1,48
7,5,61
1,6,96
1,5,41
7,8,54
5,5,66
3,2,72
7,1,69
3,2,79
1,8,53
9,2,42
3,9,63
2,0,57
9,1,88
9,7,79
4,9,61
2,1,84
6,0,59
6,0,61
8,5,68
6,0,91
1,5,53
6,8,75
4,3,86
1,1,90
8,9,96
9,4,43
7,6,51
9,0,99
7,1,91
7,5,85
4,9,98
6,3,62
7,9,43
5,3,53
5,1,91
5,4,62
7,5,53
7,9,72
3,7,46
5,5,93
8,7,57
7,4,85
7,8,42
6,6,59
3,8,86
9,9,42
5,0,96
7,0,80
2,4,68
1,8,54
2,0,63
5,2,61
9,5,94
6,1,41
1,4,64
7,6,95
5,7,98
6,5,45
9,9,63
3,6,82
5,3,81
4,4,62
1,5,92
1,2,88
3,3,78
5,6,44
8,9,98
9,7,72
7,8,93
3,7,90
4,8,76
5,9,52
1,1,97
5,3,74
9,0,93
2,3,66
6,3,90
4,9,90
6,7,56
1,0,62
4,0,44
6,2,87
5,5,74
5,7,81
1,7,68
9,3,62
8,4,65
2,7,69
3,1,81
4,5,68
1,3,53
5,5,58
8,8,83
7,2,88
6,7,46
8,9,86
6,5,83
6,8,88
1,9,43
2,4,89
1,4,48
4,2,71
9,3,92
9,1,62
2,0,89
5,0,89
4,4,81
6,8,89
1,2,48
2,3,63
3,6,68
8,1,94
2,8,71
5,5,85
3,6,72
9,7,55
1,5,85
7,9,68
9,9,90
9,5,67
1,9,55
1,2,60
2,5,50
7,1,92
7,8,50
7,2,79
5,8,56
8,3,59
6,0,77
8,5,54
5,0,77
4,5,83
8,8,88
3,0,40
3,1,55
4,3,66
1,3,93
4,9,96
6,6,74
8,8,47
9,3,55
2,8,43
5,4,86
4,2,82
3,3,98
1,4,49
9,5,64
8,0,82
2,9,94
8,9,60
4,6,69
8,8,66
2,7,58
2,9,88
9,9,89
7,8,70
1,8,63
6,3,48
8,6,50
7,9,61
3,8,67
2,5,70
8,7,75
3,6,42
5,8,85
6,1,55
1,3,61
7,0,94
6,2,79
4,2,67
5,3,84
8,4,45
4,7,66
5,8,86
2,6,99
6,1,40
2,0,73
9,8,44
5,0,60
3,2,45
7,1,75
8,3,58
8,7,81
4,8,53
5,2,62
1,0,74
7,4,81
8,5,44
4,2,42
8,5,41
2,7,86
9,2,58
2,6,48
7,9,62
8,9,54
5,4,41
3,2,82
7,3,56
4,2,78
9,0,80
6,7,40
2,0,92
6,4,86
4,0,87
4,7,58
8,0,61
5,8,84
6,1,61
9,4,59
2,7,85
6,6,54
5,3,54
3,0,49
1,5,49
8,0,71
9,3,52
1,7,55
9,0,85
8,0,42
3,0,65
3,9,41
9,0,44
2,7,55
5,6,77
8,4,73
9,9,76
8,6,96
2,1,80
7,2,40
4,0,81
1,7,57
5,6,55
2,7,42
4,9,98
7,4,82
3,6,88
9,8,81
4,4,83
6,4,52
4,9,44
2,4,55
7,5,50
7,6,47
2,6,98
9,5,62
3,1,60
5,2,53
1,6,80
1,4,94
8,5,67
9,8,78
2,3,43
6,6,60
5,8,51
7,0,81
6,1,98
3,5,54
2,5,70
2,1,97
3,1,94
9,9,83
7,6,65
1,0,83
1,3,55
4,6,45
6,1,77
7,3,70
5,5,92
6,6,89
7,8,88
7,9,98
9,3,56
1,9,62
7,5,97
2,4,93
9,6,99
5,7,69
7,4,79
1,6,83
7,6,77
6,5,54
9,3,54
5,3,42
9,4,57
2,6,65
8,4,90
6,4,55
9,9,93
3,5,49
7,4,43
9,4,69
4,8,56
5,0,96
6,6,79
7,1,46
9,6,92
8,6,91
2,9,62
9,9,45
4,9,86
3,0,86
2,7,97
7,9,75
8,3,70
9,3,57
2,4,70
6,6,95
7,5,55
5,5,54
5,0,44
8,4,70
5,1,82
7,7,57
3,8,99
9,3,64
7,0,53
6,9,63
3,2,53
7,4,53
7,8,90
3,6,61
5,8,82
2,2,81
4,8,93
3,5,83
1,7,84
2,6,67
1,5,87
6,3,59
7,8,84
6,0,59
9,5,64
1,3,49
2,6,95
4,1,81
3,1,41
1,9,72
2,4,90
9,7,70
4,0,80
7,6,67
4,5,93
9,3,83
5,7,72
6,9,73
3,3,68
8,8,52
3,4,56
2,7,63
2,7,60
8,5,43
8,0,51
9,8,65
5,0,77
4,1,85
5,0,70
7,5,49
8,8,87
5,2,77
6,3,61
9,2,47
5,8,68
9,4,45
2,0,43
4,3,90
6,7,96
8,5,92
4,9,90
3,7,81
8,2,54
7,7,42
7,5,79
8,1,51
2,6,54
4,5,78
9,9,59
7,1,91
5,1,96
9,3,46
1,9,42
2,4,62
6,0,52
8,8,62
4,1,57
6,8,56
5,6,54
9,0,66
9,1,57
4,7,91
6,3,79
7,3,57
7,8,41
1,1,88
8,1,63
7,3,68
3,0,97
7,3,92
2,4,91
8,8,80
4,4,82
2,1,78
5,5,49
9,7,43
7,1,70
1,1,86
7,1,54
5,0,80
7,8,79
7,5,56
1,0,84
2,6,67
3,6,65
5,8,48
5,8,76
8,6,48
9,3,81
6,5,50
4,4,46
5,8,94
4,1,99
1,8,57
3,3,61
5,7,83
4,3,68
3,4,50
1,4,73
9,4,70
7,6,46
8,2,52
5,2,84
1,9,48
2,8,46
4,4,41
2,9,72
4,2,62
4,1,44
6,9,62
1,3,82
5,7,57
7,2,94
2,7,45
4,9,97
9,3,79
2,4,44
2,3,66
2,8,54
6,9,49
2,4,89
9,2,63
9,6,43
8,1,69
3,2,98
8,7,50
1,4,82
8,8,49
1,6,66
2,7,82
3,0,48
9,6,61
1,8,44
1,9,77
7,8,78
7,1,81
2,0,49
7,5,83
1,6,49
5,1,79
1,6,72
6,9,76
1,2,87
7,6,95
3,7,72
8,5,90
1,0,99
1,8,67
5,9,70
9,3,49
4,9,86
4,4,48
3,3,61
2,1,80
5,5,68
8,9,67
3,6,54
2,6,74
2,3,86
8,4,56
3,5,80
9,8,88
2,7,54
3,0,62
7,1,57
9,4,99
3,8,76
8,6,94
2,6,84
9,1,60
8,1,74
9,6,77
6,8,89
9,8,79
3,1,86
8,7,66
7,8,75
7,8,46
8,7,68
4,8,89
2,9,63
5,0,71
7,0,67
2,6,59
1,3,73
7,2,70
5,2,53
4,4,82
9,6,89
2,1,47
8,7,45
2,5,93
2,8,62
3,8,74
7,4,65
5,7,42
9,2,47
8,2,87
1,1,72
1,5,43
3,1,41
7,6,57
1,3,47
3,9,68
6,4,58
2,1,58
7,6,81
4,9,93
8,8,47
7,4,89
9,2,46
2,3,79
4,5,55
2,9,86
1,3,42
1,5,89
4,1,98
3,5,71
9,0,60
5,9,93
4,1,96
8,5,92
7,5,75
8,8,86
4,1,45
3,7,98
7,8,56
3,8,99
3,0,73
7,3,52
3,7,80
9,8,41
1,0,57
7,1,50
4,2,79
1,5,96
3,4,47
1,6,75
4,3,99
3,5,61
6,0,57
3,3,86
3,0,49
3,2,84
8,1,70
8,5,91
4,5,40
5,9,82
2,4,45
2,4,66
2,9,68
4,1,63
5,2,42
2,7,92
8,1,81
8,5,65
5,7,76
7,8,62
7,3,54
7,0,65
3,8,63
7,7,58
6,5,80
8,6,83
4,3,89
1,4,67
9,8,75
1,9,49
1,0,48
8,6,95
3,0,92
1,6,71
2,8,81
6,7,48
9,9,96
6,6,59
5,9,62
1,7,64
4,6,74
1,1,60
6,5,94
4,5,63
8,6,58
9,2,68
6,1,56
5,2,68
7,4,72
7,6,88
3,2,44
5,1,44
2,5,50
5,6,55
2,0,45
6,8,89
3,3,41
9,5,43
2,7,55
7,8,53
3,9,89
8,0,70
3,7,41
6,9,63
7,5,42
9,7,64
2,7,91
7,5,60
3,7,52
3,4,78
8,5,68
8,4,44
6,4,40
9,9,56
8,1,62
2,2,48
3,7,59
7,2,83
4,4,65
8,8,89
8,5,79
1,7,52
2,7,90
7,3,43
7,2,52
9,9,46
9,2,41
2,4,84
3,1,64
9,9,46
5,2,97
2,9,54
9,1,52
1,4,63
1,4,55
3,2,81
7,9,42
6,9,71
9,8,55
6,6,97
1,3,40
3,1,67
5,3,84
4,7,87
5,0,75
8,9,55
7,2,40
6,4,80
2,9,84
4,0,56
8,8,99
3,1,70
6,7,53
9,1,62
6,8,47
6,7,83
8,5,76
6,4,80
7,9,47
3,2,75
4,0,88
6,1,90
5,5,80
5,0,50
7,4,50
6,2,91
7,6,84
1,0,65
7,4,49
3,6,57
9,4,43
3,4,93
6,0,40
4,4,68
6,6,48
5,1,67
2,8,84
4,9,75
9,8,87
2,9,84
2,3,96
4,0,75
8,5,90
9,5,58
5,9,60
5,5,50
7,8,80
1,8,97
9,1,57
8,4,59
9,6,87
2,6,88
1,4,79
9,1,98
3,7,65
1,9,73
7,3,77
9,7,65
8,2,59
5,8,95
1,4,96
7,7,69
3,6,96
1,2,48
1,4,81
9,3,46
6,4,95
4,9,42
7,0,50
3,8,64
4,3,63
3,0,88
6,0,93
7,1,58
6,7,89
7,1,68
9,6,66
4,3,84
2,7,86
7,5,55
1,3,80
5,2,60
2,3,57
4,1,44
6,9,53
4,9,54
7,5,65
7,8,48
8,5,58
3,5,66
6,7,83
9,1,53
8,0,49
7,6,44
6,1,65
7,0,48
8,1,95
7,8,53
6,6,54
1,7,99
8,4,61
1,8,50
9,7,98
7,7,93
2,3,67
8,1,67
4,4,70
3,0,51
9,1,96
6,5,86
4,5,59
2,6,88
3,8,61
5,8,40
5,1,78
2,1,74
1,2,48
3,6,85
8,4,65
3,6,82
6,5,99
2,6,87
4,7,61
9,0,58
5,0,42
7,3,54
8,4,78
7,0,59
4,7,69
7,4,82
9,3,48
1,9,42
4,4,46
5,4,57
8,1,67
6,1,54
3,1,82
4,7,49
9,1,96
7,9,97
4,1,50
6,7,91
3,8,71
5,9,81
6,6,70
3,2,49
6,4,99
7,4,97
8,3,65
3,0,86
9,1,77
8,0,49
3,0,62
7,6,69
2,0,73
1,9,62
6,5,95
6,4,48
9,9,44
9,3,59
5,5,90
1,1,80
7,1,67
3,9,63
3,7,58
1,8,40
4,5,87
6,1,49
4,6,73
2,0,51
9,4,43
1,0,99
9,6,72
9,5,59
5,0,98
3,7,54
6,1,93
9,2,66
5,4,62
3,1,99
8,2,72
4,8,60
9,3,62
3,5,56
1,0,42
1,0,60
1,8,59
8,4,79
2,5,70
3,1,82
9,6,85
5,7,68
5,2,66
5,0,54
2,6,84
5,3,97
2,3,96
1,2,78
3,0,84
9,4,56
5,4,65
1,9,71
3,9,42
9,8,57
5,0,42
7,6,54
4,8,62
6,7,99
1,0,62
3,6,60
8,1,45
8,0,45
2,4,78
1,7,97
4,5,67
7,7,65
8,0,81
4,0,77
7,8,87
5,1,98
4,0,46
9,1,82
4,6,63
1,1,95
6,3,44
6,8,45
6,8,62
3,2,62
7,5,58
9,7,73
2,3,44
2,9,53
8,1,96
1,0,85
4,8,49
2,2,81
5,4,68
9,5,72
5,5,84
2,2,88
3,3,66
8,5,84
8,8,99
7,0,64
9,9,75
7,9,71
3,4,75
5,2,68
5,8,94
9,6,93
2,3,41
9,4,60
9,2,63
8,0,46
9,6,62
5,9,65
6,0,44
8,0,52
4,0,47
6,6,84
7,3,86
1,2,48
8,1,40
9,1,44
4,4,85
8,5,78
3,2,40
7,3,99
7,0,45
8,1,66
2,1,65
9,5,63
8,9,75
3,7,52
6,2,40
9,8,83
9,0,77
9,6,99
6,8,72
5,6,45
5,5,99
7,5,53
6,8,60
7,7,85
8,3,67
6,0,63
8,9,98
3,4,40
8,2,62
9,3,66
4,2,77
5,7,46
4,3,98
9,9,53
4,3,48
2,2,74
2,0,90
4,4,85
1,4,60
3,4,55
2,4,52
9,4,75
8,2,52
8,9,44
3,4,59
1,7,83
5,9,77
7,8,74
3,0,82
2,6,75
8,4,77
6,1,75
4,4,99
6,5,64
5,5,98
3,0,83
6,3,59
5,5,84
8,6,87
6,2,94
6,4,52
5,2,56
9,7,99
7,2,99
4,6,90
2,3,60
9,6,43
3,2,76
3,2,77
5,1,85
7,9,83
3,2,64
3,0,54
5,0,41
2,0,42
7,8,63
3,3,48
8,4,88
3,5,86
3,4,60
1,9,89
3,1,80
2,1,80
1,1,98
8,5,56
4,6,94
8,5,97
7,4,73
9,4,49
2,1,45
6,0,96
9,6,70
4,9,62
4,1,67
4,4,87
8,2,75
8,4,78
5,0,99
5,9,54
7,7,90
8,2,64
9,5,70
7,0,43
5,7,41
3,7,59
3,6,84
7,9,91
8,8,42
9,7,44
6,3,57
2,2,85
8,9,85
7,1,79
8,9,81
3,6,62
4,7,84
8,7,48
5,3,99
9,0,97
2,5,81
7,9,44
6,2,73
5,0,60
2,6,43
7,4,50
7,8,66
7,7,56
7,1,55
8,6,64
9,5,40
5,7,51
8,3,67
5,4,72
6,1,79
2,6,88
1,2,66
1,6,40
6,0,90
5,2,58
9,3,51
2,8,74
1,6,91
8,8,65
2,7,58
6,3,99
2,5,78
9,1,42
2,9,54
1,7,81
4,1,57
4,7,62
8,1,76
3,6,88
5,5,97
2,7,62
6,8,60
8,2,85
9,1,90
2,4,68
1,3,66
8,1,87
2,9,58
5,8,56
5,1,59
2,6,47
8,8,88
9,9,67
1,4,59
5,2,98
8,8,49
3,8,40
7,7,89
3,6,91
4,2,99
2,8,92
9,8,77
6,2,75
5,4,74
7,1,64
8,7,98
3,9,67
7,7,66
3,6,55
7,7,61
1,8,88
3,4,86
4,2,41
8,0,71
9,0,86
4,9,66
9,1,57
5,8,60
6,6,99
2,0,64
4,6,45
6,0,84
9,2,95
7,8,64
1,3,86
2,7,96
1,1,89
5,0,49
7,8,77
4,9,59
3,1,90
6,3,43
1,2,49
3,4,95
5,0,49
9,2,90
9,8,90
4,7,83
3,5,43
1,3,68
5,2,58
8,5,77
9,7,44
3,8,57
5,9,53
5,7,65
4,8,70
9,6,43
2,5,91
7,0,67
4,4,46
3,0,67
9,2,53
8,2,53
7,7,85
6,2,52
4,8,71
3,8,88
7,8,51
3,8,51
6,0,62
6,9,92
2,2,74
8,4,48
2,8,58
9,6,84
8,6,98
7,9,44
3,8,66
2,4,52
4,0,61
9,4,82
4,5,77
6,6,53
4,9,62
6,8,86
9,9,51
3,4,56
5,0,72
1,7,78
3,1,89
9,8,81
8,8,59
3,3,69
5,9,90
2,1,85
1,3,84
4,5,61
9,9,57
3,6,67
2,8,43
3,7,56
6,3,99
9,2,89
5,8,95
9,8,47
3,9,64
2,3,47
7,4,52
3,6,73
7,8,68
3,3,70
4,1,45
7,5,56
7,6,93
3,9,78
8,1,81
8,7,46
7,7,91
6,3,76
9,9,61
6,1,64
1,0,88
8,7,40
5,2,44
9,7,95
9,7,90
9,7,83
7,6,58
3,8,73
3,9,63
8,3,40
9,3,57
8,7,69
7,6,47
4,4,74
3,0,88
9,4,96
2,5,75
1,8,86
2,9,95
2,8,59
6,8,70
3,1,69
1,4,40
8,7,41
7,5,54
3,9,73
7,9,40
8,2,61
2,8,73
3,4,86
3,6,59
4,2,77
2,5,46
7,7,62
8,7,65
9,7,54
7,0,70
5,5,71
2,7,46
8,4,73
4,2,92
7,7,90
2,0,44
2,5,89
3,2,78
5,0,67
2,5,41
6,0,78
5,9,91
4,7,60
6,8,53
4,1,40
5,3,80
9,3,65
1,0,77
1,5,45
6,5,52
5,0,55
6,6,51
9,6,54
3,4,65
4,7,41
2,5,49
7,6,76
9,5,45
8,7,89
6,7,55
2,4,68
7,4,60
8,0,83
1,4,81
5,7,56
8,5,67
7,2,62
2,8,91
5,3,70
7,6,59
3,9,94
9,7,82
1,0,57
4,9,95
5,1,73
2,9,84
4,8,65
5,8,43
1,4,72
6,3,60
5,7,41
5,1,78
5,6,93
6,0,66
7,4,56
7,2,91
5,3,82
6,7,87
9,1,57
9,8,43
3,4,72
1,2,62
9,8,89
3,8,53
4,3,91
5,9,74
7,4,61
9,2,72
4,4,83
3,1,40
5,2,50
5,2,71
3,1,60
7,0,49
6,4,87
1,3,99
3,2,89
2,6,99
6,3,57
5,5,52
5,9,60
6,1,49
8,6,95
9,2,49
4,0,55
1,9,85
5,2,53
6,8,76
8,6,46
5,0,65
2,8,42
2,1,61
5,5,92
9,2,86
6,5,69
3,8,53
6,1,97
1,7,85
5,3,82
9,5,77
6,7,44
8,2,72
6,5,84
8,2,73
5,7,61
2,4,63
2,8,41
2,8,71
9,3,48
1,8,54
6,0,55
4,8,64
6,6,52
9,3,59
9,9,83
4,4,46
2,1,81
6,0,44
4,0,87
9,9,53
1,0,66
9,6,92
8,0,97
9,9,83
7,8,53
2,8,65
2,3,45
1,6,57
4,2,82
3,2,90
7,7,99
1,9,96
1,1,42
6,8,42
5,7,74
9,3,97
2,1,40
1,7,54
7,1,83
6,7,56
9,9,89
2,8,52
5,4,93
5,2,60
4,7,41
7,6,54
7,4,74
3,4,58
4,4,65
6,4,99
6,4,98
1,6,71
4,8,67
9,9,62
1,7,52
8,7,65
1,5,79
9,4,40
1,2,48
7,5,45
9,7,74
4,3,57
9,1,43
2,7,86
2,4,60
9,0,78
4,5,85
5,1,74
6,4,93
6,5,67
4,4,73
6,9,44
6,2,87
2,3,40
7,3,41
5,1,77
9,6,60
4,6,44
9,4,71
8,3,44
4,1,81
5,3,79
1,5,82
8,9,98
6,7,93
3,9,40
6,4,61
3,6,73
4,7,96
2,3,66
4,6,62
5,9,47
1,9,49
6,3,80
6,1,96
3,8,44
6,6,55
5,9,88
5,5,82
3,7,74
8,9,56
9,7,53
5,3,66
5,6,69
4,5,61
9,7,40
4,9,82
9,9,95
6,2,74
4,0,52
9,8,41
3,7,96
5,5,79
8,6,54
7,7,90
1,1,95
9,1,73
2,8,69
3,6,62
8,1,64
1,4,81
2,2,86
9,8,80
2,1,91
1,0,80
5,1,79
1,6,92
2,8,96
3,3,79
6,8,50
9,8,91
7,1,50
3,1,61
9,9,84
7,4,80
1,3,99
3,7,80
6,8,63
8,5,50
1,0,80
7,8,71
8,3,63
6,3,66
6,2,78
2,8,54
2,6,61
6,8,57
9,8,77
1,4,71
1,1,51
2,9,59
4,7,61
8,3,56
2,0,44
8,1,74
6,9,43
3,5,84
2,9,68
3,8,73
1,0,71
3,2,80
9,5,94
1,7,58
9,8,99
3,5,75
8,9,79
1,5,42
5,4,65
5,2,72
2,2,74
6,0,92
3,6,98
4,2,95
8,0,53
8,9,61
9,1,71
6,7,58
8,6,58
1,4,56
6,7,44
1,1,60
8,7,75
2,5,60
5,6,52
2,1,67
6,6,82
9,9,91
1,2,61
7,3,68
2,6,75
1,1,79
2,2,80
8,9,56
9,3,43
5,0,60
3,0,73
8,5,74
1,5,42
7,0,52
8,1,99
7,7,90
6,2,61
2,6,46
5,4,69
5,7,90
6,2,61
8,2,87
3,6,43
6,7,92
9,2,72
4,8,91
2,8,40
4,3,95
1,8,49
6,9,93
3,8,86
6,8,85
9,0,58
4,1,60
7,1,73
4,6,95
7,6,43
6,3,75
6,5,92
2,4,93
1,4,75
8,4,48
2,2,51
2,4,59
5,6,83
6,5,69
4,2,56
9,7,99
2,7,68
4,0,49
5,6,75
5,7,53
3,2,66
9,9,74
2,3,66
5,3,94
5,5,49
4,6,96
9,7,54
4,0,89
6,7,49
4,5,45
6,8,64
9,0,92
5,6,65
3,7,93
6,5,72
2,9,53
2,5,52
2,5,79
5,7,75
1,4,46
7,2,50
6,2,82
7,3,87
6,2,63
5,6,77
9,9,95
4,6,43
4,2,40
9,9,56
1,1,66
3,0,45
5,3,40
2,5,81
5,6,41
5,1,62
4,9,89
1,1,85
6,8,58
9,3,51
3,4,51
9,9,81
9,7,52
5,5,47
4,4,59
1,8,48
8,3,58
9,0,86
2,5,60
9,2,95
9,4,41
6,0,91
3,1,71
2,4,56
1,8,73
1,2,76
5,5,58
5,6,98
9,6,42
6,1,76
8,1,97
7,6,93
8,8,89
7,4,54
1,5,85
6,0,58
2,6,79
2,4,95
6,4,75
8,3,60
5,9,47
3,4,70
5,8,42
2,5,85
1,7,76
6,6,60
6,4,70
1,3,71
7,8,72
6,3,93
4,1,76
1,6,98
7,8,96
5,1,52
9,5,97
8,8,85
6,6,62
9,6,88
1,0,98
6,5,93
2,3,91
9,8,79
5,7,55
2,3,92
9,9,93
6,4,72
2,9,62
8,7,77
4,4,65
4,8,77
7,9,47
3,0,97
8,7,97
2,0,59
2,2,64
2,2,53
2,3,68
1,6,81
2,4,88
8,6,95
8,7,45
4,0,60
2,9,41
6,5,58
2,9,60
9,1,70
7,6,86
1,1,73
7,6,62
2,6,66
4,8,53
5,3,83
3,8,81
1,9,77
8,1,47
6,6,74
9,3,87
5,8,53
8,4,86
4,3,53
1,5,84
9,4,46
2,3,91
2,7,49
2,3,63
7,4,82
8,2,56
7,8,87
7,7,76
1,2,56
6,5,91
4,7,99
7,5,45
7,1,83
7,3,99
5,8,40
2,2,83
4,1,49
1,0,72
4,3,98
3,4,51
9,3,78
6,8,81
6,9,65
7,1,53
3,1,48
6,6,61
1,9,70
8,6,89
3,4,61
6,5,68
8,3,88
4,0,40
2,5,57
1,1,89
2,9,97
4,3,87
7,3,40
9,3,40
4,1,50
1,6,69
9,3,89
1,0,96
7,1,74
2,7,76
4,0,45
8,2,62
2,8,76
1,3,44
6,7,77
9,1,44
2,7,60
7,3,55
2,0,52
3,6,40
1,8,73
8,3,40
5,8,52
2,4,64
9,6,84
5,0,83
6,3,56
7,8,46
3,3,66
3,4,51
2,5,65
9,9,85
3,3,72
1,1,87
4,2,56
1,8,85
7,2,95
1,9,53
1,0,58
6,6,70
1,2,40
6,0,75
1,5,89
3,3,92
8,7,79
4,2,72
1,3,50
3,2,63
3,2,80
8,1,84
6,1,96
6,4,41
8,6,94
6,7,51
7,6,67
3,5,91
2,9,77
1,6,67
2,3,91
5,8,69
1,8,93
7,8,46
2,2,41
1,3,59
9,6,99
6,4,95
2,3,93
7,5,75
9,0,68
1,7,72
3,9,43
2,6,51
2,4,93
1,3,83
3,7,56
6,2,62
8,6,59
1,3,97
7,3,77
5,0,70
6,7,44
1,8,75
5,4,97
2,3,70
4,3,73
8,7,87
9,2,40
4,0,87
5,5,73
7,0,94
1,0,45
4,8,44
1,5,88
3,6,44
6,2,87
8,2,85
2,7,86
5,5,58
2,2,46
7,1,63
8,6,51
6,9,81
9,2,65
6,4,88
2,0,61
7,1,66
4,7,71
7,0,56
5,7,72
7,6,89
5,3,99
1,1,55
7,4,97
6,2,60
8,8,71
1,7,62
9,8,76
3,9,97
5,5,91
4,0,44
1,0,52
4,4,72
4,3,43
4,3,87
2,9,79
4,9,90
1,7,51
4,3,61
7,1,40
1,8,41
3,6,84
7,3,78
4,1,58
3,1,60
9,7,68
9,6,57
8,6,81
8,4,51
1,5,52
5,3,59
3,7,44
2,5,72
1,7,72
1,1,80
4,3,42
9,5,71
6,4,78
7,7,65
8,5,85
6,9,91
1,3,60
4,5,77
2,9,42
7,9,70
6,7,98
8,9,60
5,9,62
9,3,50
6,3,43
5,2,97
2,0,56
6,7,81
7,1,99
6,1,55
4,1,96
7,5,45
8,1,88
7,9,52
7,6,82
6,9,63
5,6,84
6,8,59
5,1,69
3,9,65
2,8,52
5,5,96
9,0,66
6,6,78
7,5,62
6,5,70
5,8,66
1,3,83
5,0,72
5,8,96
5,0,48
7,4,61
4,5,79
5,6,71
1,6,77
7,8,47
7,1,42
6,7,84
8,2,98
4,9,73
3,4,59
1,3,41
6,1,73
9,4,46
2,9,92
9,6,93
6,1,66
6,9,54
4,7,97
5,2,59
5,6,89
3,4,69
6,2,60
4,8,48
8,3,43
1,2,46
4,5,92
3,4,95
8,0,74
6,9,77
1,9,96
5,0,94
1,6,62
8,4,44
2,0,52
7,5,48
5,8,55
3,8,41
6,9,73
9,1,60
2,0,63
3,3,54
7,9,74
9,3,48
1,7,77
7,6,87
7,2,89
4,8,77
9,2,55
1,9,47
5,0,73
2,8,47
6,7,68
3,1,91
9,5,64
6,4,89
3,9,95
7,6,84
1,0,41
2,3,47
6,5,79
6,6,96
5,6,56
9,5,41
1,3,57
6,0,57
6,6,70
9,8,74
6,9,57
3,2,55
9,5,46
4,1,46
3,8,85
8,3,46
6,3,54
4,7,98
3,9,66
7,2,42
2,1,83
5,9,54
3,3,85
4,6,79
7,4,65
9,2,57
4,3,61
6,4,77
5,7,43
9,1,41
3,6,65
5,6,75
4,3,71
6,2,92
7,8,73
7,6,47
3,4,81
1,9,77
5,4,54
9,2,76
7,8,68
9,2,84
1,6,56
7,0,84
6,5,62
5,4,66
6,1,91
1,6,42
2,9,46
2,8,94
9,9,93
5,9,54
4,9,77
7,2,45
4,7,91
4,0,74
3,7,55
9,5,53
7,3,49
8,5,69
4,6,67
9,4,95
5,8,64
7,9,98
2,3,81
7,6,61
6,1,96
1,0,53
1,6,98
2,5,77
9,2,83
6,3,45
6,9,95
2,9,44
3,4,82
3,5,97
9,8,88
3,5,88
9,5,41
5,1,86
9,1,91
4,1,46
1,6,76
5,9,47
1,1,45
9,5,55
3,9,46
1,4,40
1,5,74
3,2,92
9,2,58
1,8,59
5,4,51
3,7,43
9,3,93
9,6,59
2,1,46
3,5,71
8,3,85
1,6,92
1,2,45
5,5,95
7,1,90
7,2,91
1,9,99
1,1,68
8,1,52
1,1,77
2,5,46
3,3,48
9,2,61
6,2,71
7,2,83
6,9,59
9,9,52
2,1,56
5,8,85
4,0,90
6,1,60
8,8,71
7,2,46
3,8,66
6,0,92
4,6,78
3,5,63
1,2,91
3,3,51
9,7,49
9,9,77
6,4,62
3,8,65
6,9,64
3,6,77
2,6,81
9,2,92
1,9,86
4,3,55
4,0,63
8,3,53
3,5,94
1,7,85
3,2,83
1,4,52
1,7,89
4,2,59
1,4,65
9,0,83
9,2,94
4,7,65
7,0,47
1,3,55
3,2,60
8,3,76
3,0,58
8,1,64
8,4,88
4,5,79
3,5,90
2,1,76
5,4,80
6,2,99
2,7,96
8,3,78
7,3,67
7,8,79
9,0,44
1,5,97
5,3,75
2,4,78
1,0,46
6,8,43
4,8,50
3,5,49
4,3,67
7,0,65
3,9,79
5,9,46
2,2,64
7,3,60
8,9,96
7,9,80
2,9,40
4,8,92
4,5,65
5,9,78
4,9,94
7,0,63
4,7,43
4,0,99
1,2,50
1,8,95
6,2,68
9,3,56
7,9,57
5,4,95
2,1,73
1,6,78
4,1,93
7,8,79
8,8,45
9,1,85
8,6,50
1,1,94
1,2,96
5,5,51
7,4,95
3,4,41
2,9,90
7,5,60
4,1,97
4,0,42
6,5,65
7,7,65
2,8,43
6,8,78
8,0,61
5,9,89
3,5,75
8,7,48
2,8,43
7,2,57
6,3,65
8,2,80
2,9,58
4,2,57
2,5,76
8,2,93
6,2,89
4,7,45
9,9,91
4,4,53
5,3,50
3,4,83
5,0,67
4,9,50
3,9,69
1,9,43
9,9,79
1,2,52
5,0,69
2,5,57
4,5,99
5,5,88
6,4,52
6,2,58
3,6,57
4,3,68
2,6,73
3,6,51
5,4,53
2,6,42
5,3,87
7,7,99
1,8,44
7,0,85
1,2,87
5,1,93
4,3,93
1,2,98
5,1,46
7,4,82
2,7,60
8,6,58
2,0,90
2,7,85
2,9,97
1,9,46
8,5,83
3,6,54
3,4,45
1,8,40
5,0,71
5,8,82
1,6,79
7,7,75
6,9,51
7,3,87
7,4,87
5,8,55
4,5,41
2,5,64
1,1,96
9,1,78
4,8,75
